2.19042E-4	0.01809
4.56338E-4	0.02448
6.66253E-4	0.03086
8.85295E-4	0.0372
0.00111	0.04308
0.00133	0.04896
0.00155	0.05483
0.00178	0.06025
0.00199	0.06562
0.00223	0.07103
0.00244	0.0764
0.00266	0.08181
0.0029	0.08718
0.00311	0.09162
0.00334	0.09648
0.00355	0.10139
0.00377	0.10629
0.004	0.1112
0.00422	0.11559
0.00445	0.11952
0.00466	0.12443
0.00488	0.12883
0.00512	0.13327
0.00533	0.13766
0.00556	0.14206
0.00577	0.14646
0.006	0.15039
0.00622	0.15479
0.00644	0.15872
0.00668	0.16265
0.00689	0.16658
0.0071	0.17001
0.00734	0.17195
0.00755	0.17635
0.00778	0.18079
0.00799	0.18519
0.00821	0.18958
0.00844	0.19301
0.00866	0.19694
0.00889	0.20134
0.0091	0.20476
0.00933	0.20869
0.00956	0.21212
0.00977	0.21656
0.01	0.21998
0.01021	0.22341
0.01044	0.2278
0.01066	0.23123
0.01088	0.23516
0.01112	0.2391
0.01133	0.24252
0.01155	0.24594
0.01177	0.24937
0.01199	0.2533
0.01223	0.25673
0.01244	0.26061
0.01266	0.26408
0.01289	0.26751
0.0131	0.27093
0.01334	0.27487
0.01355	0.27829
0.01377	0.28171
0.01399	0.2856
0.01421	0.28856
0.01445	0.29152
0.01466	0.29541
0.01488	0.29934
0.01511	0.30277
0.01532	0.30619
0.01556	0.31013
0.01577	0.31355
0.01599	0.31748
0.01622	0.32091
0.01643	0.32433
0.01667	0.32776
0.01688	0.33072
0.0171	0.33414
0.01733	0.33803
0.01755	0.3415
0.01778	0.34492
0.01798	0.34784
0.01821	0.35177
0.01844	0.3552
0.01866	0.35862
0.01889	0.36204
0.0191	0.36547
0.01932	0.36889
0.01954	0.37283
0.01976	0.37579
0.02	0.37967
0.02021	0.38264
0.02043	0.38606
0.02066	0.38999
0.02088	0.39342
0.02111	0.39684
0.02132	0.40027
0.02154	0.40369
0.02177	0.40712
0.02199	0.41054
0.02222	0.4135
0.02243	0.41693
0.02265	0.42035
0.02288	0.42377
0.0231	0.42771
0.02333	0.43113
0.02354	0.43553
0.02376	0.439
0.02399	0.44191
0.02421	0.44585
0.02444	0.44927
0.02466	0.4532
0.02487	0.45709
0.0251	0.46102
0.02532	0.46496
0.02555	0.46838
0.02576	0.47231
0.026	0.4762
0.02621	0.47963
0.02643	0.48407
0.02666	0.48796
0.02687	0.49143
0.02709	0.49531
0.02732	0.49925
0.02754	0.50318
0.02778	0.50707
0.02798	0.511
0.02822	0.51493
0.02843	0.51882
0.02865	0.52275
0.02888	0.52618
0.02909	0.53011
0.02932	0.53404
0.02954	0.53793
0.02976	0.54237
0.02999	0.5458
0.0302	0.54922
0.03044	0.55362
0.03065	0.55755
0.03087	0.56148
0.03111	0.56537
0.03132	0.56879
0.03155	0.57324
0.03176	0.57666
0.03198	0.58106
0.03221	0.58499
0.03243	0.58842
0.03265	0.59235
0.03287	0.59624
0.03309	0.60068
0.03333	0.60456
0.03354	0.6085
0.03377	0.61243
0.03398	0.61636
0.03421	0.62076
0.03444	0.62469
0.03465	0.62812
0.03487	0.63302
0.03509	0.63691
0.03532	0.64084
0.03554	0.64427
0.03576	0.64866
0.036	0.6526
0.03621	0.65699
0.03642	0.66143
0.03666	0.66486
0.03687	0.66875
0.0371	0.67268
0.03731	0.67708
0.03754	0.68152
0.03777	0.6854
0.03798	0.68934
0.03822	0.69373
0.03843	0.69818
0.03864	0.70206
0.03888	0.706
0.03909	0.71039
0.03932	0.71433
0.03953	0.71826
0.03976	0.72316
0.03998	0.72756
0.0402	0.73098
0.04044	0.73538
0.04065	0.73931
0.04087	0.74325
0.0411	0.74718
0.04131	0.75107
0.04154	0.755
0.04175	0.75893
0.04198	0.76282
0.04221	0.76675
0.04243	0.77115
0.04266	0.77508
0.04287	0.77851
0.04309	0.78244
0.04332	0.78586
0.04353	0.79026
0.04377	0.79368
0.04398	0.79813
0.0442	0.80201
0.04443	0.80595
0.04464	0.81034
0.04488	0.81479
0.04509	0.81867
0.04531	0.82261
0.04554	0.82751
0.04575	0.83144
0.04599	0.83584
0.0462	0.83977
0.04642	0.84417
0.04665	0.84857
0.04687	0.85301
0.0471	0.8574
0.04731	0.86134
0.04753	0.86624
0.04776	0.87064
0.04797	0.87554
0.04821	0.87943
0.04842	0.88387
0.04864	0.88827
0.04887	0.89266
0.04909	0.89711
0.04932	0.9015
0.04953	0.90544
0.04975	0.91029
0.04998	0.91474
0.0502	0.91913
0.05043	0.92353
0.05064	0.92797
0.05086	0.93237
0.05109	0.93676
0.05131	0.9407
0.05154	0.94509
0.05175	0.94953
0.05197	0.95342
0.0522	0.95833
0.05241	0.96226
0.05265	0.96666
0.05286	0.97105
0.05309	0.97498
0.05331	0.97892
0.05353	0.98382
0.05376	0.98771
0.05397	0.99215
0.05419	0.99655
0.05442	1.00048
0.05464	1.00488
0.05487	1.00927
0.05508	1.01418
0.0553	1.01857
0.05553	1.02251
0.05575	1.0269
0.05598	1.03135
0.05619	1.03574
0.05642	1.03968
0.05665	1.04407
0.05686	1.04847
0.0571	1.05337
0.05731	1.05731
0.05753	1.06221
0.05775	1.06614
0.05797	1.07054
0.05821	1.07447
0.05842	1.07887
0.05864	1.08424
0.05886	1.08817
0.05908	1.09257
0.05931	1.09747
0.05952	1.10187
0.05975	1.10631
0.05998	1.11121
0.06019	1.11561
0.06043	1.12001
0.06064	1.12394
0.06088	1.12931
0.06109	1.13421
0.0613	1.13865
0.06154	1.14351
0.06175	1.14796
0.06197	1.15286
0.0622	1.15777
0.06241	1.16262
0.06265	1.16707
0.06286	1.17197
0.0631	1.17683
0.0633	1.18127
0.06352	1.18664
0.06375	1.19154
0.06396	1.19645
0.06419	1.20085
0.06442	1.20626
0.06464	1.21117
0.06487	1.21607
0.06508	1.22093
0.06532	1.22583
0.06553	1.23028
0.06575	1.23513
0.06598	1.24055
0.06619	1.24545
0.06641	1.24985
0.06664	1.25526
0.06685	1.26012
0.06709	1.26457
0.0673	1.26947
0.06754	1.27484
0.06774	1.27974
0.06797	1.28465
0.0682	1.28955
0.06841	1.29446
0.06863	1.29936
0.06886	1.30422
0.06908	1.30913
0.06931	1.31403
0.06952	1.31894
0.06976	1.32384
0.06997	1.32875
0.07018	1.33365
0.07042	1.33856
0.07063	1.34342
0.07087	1.34832
0.07108	1.35323
0.0713	1.35767
0.07153	1.36253
0.07175	1.36794
0.07196	1.37234
0.07219	1.37724
0.07241	1.38266
0.07264	1.38705
0.07285	1.39242
0.07309	1.39732
0.0733	1.40223
0.07352	1.40713
0.07375	1.41204
0.07396	1.41644
0.07419	1.42134
0.07441	1.42625
0.07463	1.43064
0.07486	1.43555
0.07508	1.44045
0.0753	1.44536
0.07552	1.44975
0.07574	1.45466
0.07598	1.45956
0.07619	1.46396
0.07642	1.46835
0.07663	1.47326
0.07685	1.47816
0.07708	1.48261
0.07729	1.48746
0.07752	1.49191
0.07775	1.4963
0.07796	1.5007
0.0782	1.50514
0.07841	1.50954
0.07865	1.51393
0.07885	1.51833
0.07907	1.52277
0.07931	1.52717
0.07952	1.53156
0.07974	1.53601
0.07996	1.5404
0.08018	1.54434
0.08042	1.54873
0.08063	1.55364
0.08085	1.55757
0.08108	1.56146
0.08129	1.56636
0.08153	1.57076
0.08174	1.5752
0.08197	1.5796
0.08218	1.58496
0.08241	1.58987
0.08263	1.59431
0.08285	1.59871
0.08307	1.60407
0.0833	1.60852
0.08351	1.61342
0.08375	1.61782
0.08396	1.62272
0.08419	1.62712
0.0844	1.63151
0.08463	1.63596
0.08486	1.64086
0.08507	1.64572
0.08529	1.65063
0.08552	1.65553
0.08574	1.65993
0.08596	1.66483
0.08618	1.66974
0.0864	1.67464
0.08663	1.67904
0.08685	1.68297
0.08708	1.68788
0.08729	1.69227
0.08753	1.69718
0.08774	1.70208
0.08796	1.70699
0.08819	1.71189
0.0884	1.7168
0.08862	1.7217
0.08885	1.7261
0.08907	1.731
0.08931	1.7354
0.08951	1.73979
0.08975	1.7447
0.08996	1.74961
0.09018	1.754
0.09041	1.75844
0.09062	1.76335
0.09084	1.76774
0.09107	1.77311
0.09129	1.77802
0.09152	1.78292
0.09174	1.78783
0.09195	1.79273
0.09218	1.79764
0.0924	1.80254
0.09264	1.80745
0.09285	1.81133
0.09308	1.81624
0.09329	1.82114
0.09351	1.82651
0.09374	1.83095
0.09396	1.83586
0.09417	1.84076
0.0944	1.84562
0.09462	1.85053
0.09486	1.85497
0.09507	1.86034
0.0953	1.86473
0.09551	1.86964
0.09574	1.87408
0.09596	1.87945
0.09617	1.88435
0.0964	1.88875
0.09662	1.89365
0.09684	1.89856
0.09707	1.90393
0.09729	1.90883
0.09751	1.91471
0.09774	1.91961
0.09795	1.92452
0.09819	1.92993
0.0984	1.9353
0.09863	1.94021
0.09884	1.94557
0.09907	1.95145
0.09929	1.95636
0.0995	1.96177
0.09973	1.96714
0.09996	1.97255
0.10018	1.97695
0.10041	1.98236
0.10062	1.98773
0.10086	1.9931
0.10107	1.99902
0.10129	2.00388
0.10152	2.00975
0.10173	2.01517
0.10195	2.02054
0.10218	2.02595
0.10239	2.03132
0.10263	2.03673
0.10284	2.0421
0.10308	2.04751
0.10328	2.05242
0.10351	2.05779
0.10373	2.06366
0.10395	2.06908
0.10419	2.07445
0.1044	2.07986
0.10462	2.08574
0.10485	2.0911
0.10506	2.09652
0.1053	2.10189
0.10551	2.10776
0.10573	2.11364
0.10596	2.12002
0.10617	2.12493
0.1064	2.1303
0.10661	2.13571
0.10684	2.14159
0.10707	2.14747
0.10728	2.15334
0.10752	2.15871
0.10773	2.16412
0.10795	2.17
0.10818	2.17588
0.10839	2.18175
0.10863	2.18712
0.10884	2.193
0.10906	2.19892
0.10929	2.20429
0.1095	2.21017
0.10974	2.21604
0.10995	2.22146
0.11017	2.22682
0.1104	2.23224
0.11061	2.23812
0.11085	2.24348
0.11106	2.2489
0.11128	2.25524
0.11151	2.26065
0.11173	2.26602
0.11196	2.2719
0.11217	2.27731
0.1124	2.28319
0.11262	2.28906
0.11283	2.29443
0.11307	2.29984
0.11328	2.30572
0.1135	2.3116
0.11373	2.31697
0.11395	2.32284
0.11418	2.32826
0.11439	2.33362
0.11461	2.33904
0.11484	2.34492
0.11506	2.35079
0.11529	2.35667
0.1155	2.36204
0.11572	2.36745
0.11596	2.37282
0.11617	2.37869
0.1164	2.38411
0.11661	2.38948
0.11683	2.39489
0.11706	2.40026
0.11728	2.40614
0.11751	2.41155
0.11772	2.41692
0.11794	2.42233
0.11817	2.42821
0.11839	2.43358
0.11863	2.43945
0.11883	2.44533
0.11905	2.45023
0.11928	2.45611
0.1195	2.46199
0.11973	2.46837
0.11994	2.47476
0.12017	2.48013
0.12039	2.48651
0.12061	2.49285
0.12084	2.49877
0.12105	2.50511
0.12128	2.5115
0.1215	2.51784
0.12172	2.52325
0.12196	2.5301
0.12217	2.53598
0.1224	2.54186
0.12261	2.54824
0.12283	2.55412
0.12307	2.5605
0.12328	2.56684
0.1235	2.57272
0.12373	2.5786
0.12394	2.58447
0.12418	2.5904
0.12439	2.59674
0.12463	2.60312
0.12484	2.609
0.12505	2.61487
0.12529	2.62075
0.1255	2.62663
0.12572	2.63301
0.12594	2.63889
0.12616	2.64477
0.1264	2.65014
0.12661	2.65601
0.12683	2.6624
0.12706	2.66827
0.12727	2.67466
0.12751	2.68003
0.12772	2.6859
0.12796	2.69229
0.12817	2.69817
0.12838	2.70354
0.12862	2.70992
0.12883	2.7158
0.12905	2.72167
0.12928	2.72709
0.12949	2.73394
0.12973	2.74032
0.12994	2.74569
0.13018	2.75157
0.13038	2.75795
0.1306	2.76383
0.13084	2.76971
0.13105	2.77558
0.13127	2.78146
0.1315	2.78683
0.13172	2.79321
0.13195	2.79909
0.13216	2.80497
0.13238	2.81084
0.13261	2.81672
0.13283	2.8226
0.13306	2.82898
0.13327	2.83486
0.13349	2.84074
0.13372	2.84712
0.13394	2.85249
0.13417	2.85888
0.13438	2.86526
0.1346	2.87114
0.13483	2.87748
0.13505	2.88335
0.13529	2.88974
0.13549	2.89613
0.13573	2.90297
0.13594	2.90931
0.13616	2.91621
0.13639	2.92255
0.1366	2.92893
0.13682	2.93578
0.13705	2.94263
0.13727	2.94902
0.1375	2.95586
0.13771	2.96174
0.13795	2.96864
0.13816	2.97549
0.13838	2.98187
0.13861	2.98872
0.13882	2.99557
0.13905	3.00195
0.13927	3.00829
0.13949	3.01468
0.13972	3.02106
0.13993	3.0274
0.14016	3.03379
0.14038	3.04018
0.1406	3.04702
0.14083	3.05387
0.14104	3.06026
0.14128	3.0666
0.14149	3.07298
0.14172	3.07983
0.14194	3.08668
0.14215	3.09307
0.14238	3.09945
0.14261	3.10579
0.14282	3.11218
0.14306	3.11903
0.14327	3.1249
0.1435	3.1318
0.14371	3.13814
0.14393	3.14499
0.14417	3.1504
0.14438	3.15725
0.1446	3.16363
0.14482	3.16997
0.14505	3.17636
0.14528	3.18274
0.14549	3.18908
0.14571	3.19547
0.14594	3.20135
0.14616	3.20773
0.14639	3.21458
0.1466	3.22046
0.14684	3.22731
0.14705	3.23466
0.14727	3.24151
0.1475	3.24739
0.14771	3.25428
0.14793	3.26113
0.14816	3.26798
0.14837	3.27483
0.14861	3.28172
0.14882	3.28806
0.14906	3.29394
0.14927	3.30033
0.14949	3.30671
0.14972	3.31305
0.14993	3.31944
0.15015	3.32578
0.15038	3.33119
0.1506	3.33758
0.15083	3.34392
0.15104	3.34979
0.15126	3.35567
0.15149	3.36155
0.1517	3.36793
0.15194	3.37381
0.15215	3.37969
0.15239	3.3851
0.1526	3.39098
0.15282	3.39685
0.15305	3.40176
0.15326	3.40763
0.15348	3.413
0.15371	3.41888
0.15393	3.42429
0.15416	3.43017
0.15437	3.43605
0.15461	3.44141
0.15482	3.44632
0.15504	3.4522
0.15527	3.45807
0.15548	3.46349
0.1557	3.46936
0.15593	3.47473
0.15615	3.48112
0.15638	3.48699
0.15659	3.49338
0.15682	3.49972
0.15704	3.5056
0.15726	3.51198
0.1575	3.51837
0.15771	3.52374
0.15794	3.53012
0.15815	3.53646
0.15837	3.54285
0.1586	3.54872
0.15881	3.55511
0.15904	3.56098
0.15927	3.56783
0.15948	3.57325
0.15972	3.57959
0.15993	3.58597
0.16016	3.59185
0.16037	3.59773
0.16059	3.6036
0.16082	3.60948
0.16104	3.61536
0.16126	3.62123
0.16148	3.62762
0.1617	3.6335
0.16193	3.64034
0.16215	3.64673
0.16239	3.65261
0.16259	3.65946
0.16281	3.66584
0.16304	3.67172
0.16325	3.67806
0.16348	3.68444
0.1637	3.69032
0.16393	3.69671
0.16415	3.70258
0.16437	3.70892
0.16461	3.71531
0.16482	3.72118
0.16504	3.72757
0.16527	3.73345
0.16548	3.73983
0.16571	3.74617
0.16592	3.75205
0.16614	3.75793
0.16638	3.76431
0.16659	3.77019
0.16683	3.77606
0.16704	3.78245
0.16726	3.78833
0.16749	3.7942
0.1677	3.80054
0.16794	3.80693
0.16814	3.81332
0.16837	3.81919
0.1686	3.82507
0.16881	3.83095
0.16905	3.83682
0.16926	3.84321
0.16947	3.84908
0.16971	3.85542
0.16992	3.8613
0.17016	3.86671
0.17037	3.8731
0.17059	3.87898
0.17082	3.88532
0.17103	3.8917
0.17127	3.89758
0.17148	3.90443
0.1717	3.91081
0.17193	3.91766
0.17214	3.92451
0.17238	3.93141
0.17259	3.93774
0.17281	3.94459
0.17304	3.95149
0.17325	3.95834
0.17349	3.96519
0.1737	3.97203
0.17392	3.97939
0.17415	3.98578
0.17437	3.99263
0.1746	3.99947
0.17481	4.00637
0.17503	4.01322
0.17526	4.02007
0.17547	4.02742
0.17571	4.03478
0.17592	4.04163
0.17614	4.04899
0.17637	4.05583
0.17658	4.06268
0.17682	4.06953
0.17703	4.07643
0.17726	4.08374
0.17748	4.09012
0.17769	4.09697
0.17793	4.10433
0.17814	4.11118
0.17836	4.11807
0.17859	4.12492
0.17881	4.13228
0.17904	4.13913
0.17925	4.14598
0.17947	4.15333
0.1797	4.16018
0.17992	4.16754
0.18015	4.17439
0.18036	4.18175
0.18058	4.1891
0.18081	4.19646
0.18103	4.20382
0.18127	4.21067
0.18148	4.21802
0.18171	4.22487
0.18192	4.23223
0.18214	4.23908
0.18237	4.24593
0.18258	4.25328
0.1828	4.26064
0.18303	4.26749
0.18325	4.27485
0.18348	4.28267
0.18369	4.28905
0.18393	4.29641
0.18414	4.30326
0.18436	4.31062
0.18459	4.31797
0.1848	4.32529
0.18503	4.33264
0.18525	4.33954
0.18547	4.34736
0.18571	4.35421
0.18592	4.36156
0.18615	4.36841
0.18636	4.37526
0.18658	4.38313
0.18681	4.38998
0.18703	4.39733
0.18725	4.40418
0.18747	4.41154
0.1877	4.4189
0.18792	4.42575
0.18814	4.4331
0.18836	4.44046
0.18859	4.44731
0.1888	4.45416
0.18904	4.46101
0.18925	4.46836
0.18949	4.47521
0.18969	4.48211
0.18991	4.48896
0.19014	4.4958
0.19036	4.50265
0.19059	4.50955
0.1908	4.5164
0.19102	4.52324
0.19126	4.53009
0.19147	4.53648
0.1917	4.54286
0.19191	4.54971
0.19214	4.55656
0.19236	4.56341
0.19258	4.57031
0.19282	4.57762
0.19303	4.584
0.19325	4.59085
0.19348	4.59821
0.19369	4.60557
0.19393	4.61292
0.19413	4.62074
0.19435	4.6281
0.19458	4.63592
0.1948	4.64379
0.19503	4.65064
0.19524	4.65846
0.19547	4.66632
0.1957	4.67368
0.19591	4.6815
0.19615	4.68835
0.19636	4.69622
0.19658	4.70404
0.1968	4.71139
0.19702	4.71875
0.19726	4.7256
0.19747	4.73342
0.19769	4.74078
0.19792	4.74864
0.19813	4.756
0.19837	4.76331
0.19858	4.77067
0.1988	4.77803
0.19903	4.78538
0.19924	4.7932
0.19948	4.80056
0.19969	4.80792
0.19991	4.81574
0.20014	4.82263
0.20035	4.82995
0.20059	4.8373
0.2008	4.84466
0.20102	4.85202
0.20125	4.85938
0.20146	4.8672
0.2017	4.87358
0.20191	4.8814
0.20213	4.88876
0.20235	4.89612
0.20258	4.90347
0.20281	4.91079
0.20302	4.91865
0.20324	4.9255
0.20347	4.93286
0.20368	4.94022
0.20392	4.94757
0.20413	4.95489
0.20435	4.96178
0.20458	4.96909
0.2048	4.97599
0.20503	4.9833
0.20524	4.99019
0.20546	4.99755
0.20569	5.00486
0.2059	5.01175
0.20614	5.01907
0.20635	5.02596
0.20659	5.03327
0.20679	5.04063
0.20702	5.04799
0.20725	5.05534
0.20746	5.0627
0.20768	5.07006
0.20791	5.07737
0.20813	5.08473
0.20836	5.09158
0.20857	5.09894
0.20881	5.10532
0.20902	5.11268
0.20924	5.12004
0.20947	5.12786
0.20968	5.13567
0.2099	5.14303
0.21013	5.1509
0.21035	5.15923
0.21058	5.16802
0.2108	5.17589
0.21102	5.18422
0.21124	5.19255
0.21146	5.20037
0.21169	5.2087
0.2119	5.21702
0.21214	5.22485
0.21235	5.23271
0.21257	5.24104
0.2128	5.24886
0.21301	5.25719
0.21324	5.26505
0.21347	5.27288
0.21368	5.28023
0.21392	5.28857
0.21413	5.29638
0.21436	5.30374
0.21457	5.31161
0.21479	5.31943
0.21502	5.32725
0.21523	5.3346
0.21546	5.34294
0.21568	5.3508
0.2159	5.35862
0.21614	5.36598
0.21635	5.37431
0.21658	5.38213
0.21679	5.38949
0.21702	5.39781
0.21724	5.40517
0.21746	5.41299
0.2177	5.42132
0.21791	5.42868
0.21812	5.43701
0.21836	5.44488
0.21857	5.4527
0.2188	5.46006
0.21901	5.46787
0.21923	5.4762
0.21946	5.48356
0.21968	5.49189
0.21991	5.49925
0.22012	5.50758
0.22035	5.5154
0.22058	5.52372
0.22079	5.53159
0.22102	5.53941
0.22123	5.54728
0.22146	5.5551
0.22168	5.56292
0.2219	5.57125
0.22214	5.57958
0.22235	5.58791
0.22257	5.59578
0.22279	5.6041
0.22301	5.61192
0.22324	5.61928
0.22345	5.6271
0.22368	5.63497
0.22391	5.64279
0.22412	5.65065
0.22436	5.65797
0.22456	5.66486
0.22479	5.67222
0.22502	5.68004
0.22523	5.68739
0.22547	5.69475
0.22568	5.70206
0.2259	5.70896
0.22613	5.71627
0.22634	5.72316
0.22658	5.73052
0.22679	5.73737
0.22701	5.74422
0.22724	5.7506
0.22745	5.75745
0.22769	5.7643
0.2279	5.77115
0.22812	5.77754
0.22835	5.7849
0.22857	5.79124
0.2288	5.79859
0.229	5.80549
0.22923	5.81183
0.22946	5.81868
0.22967	5.82506
0.22991	5.83242
0.23012	5.8388
0.23034	5.84611
0.23056	5.85398
0.23078	5.86134
0.23102	5.86865
0.23123	5.87601
0.23145	5.88336
0.23168	5.89072
0.2319	5.89808
0.23213	5.90544
0.23234	5.91229
0.23256	5.92011
0.23279	5.92746
0.23301	5.93385
0.23324	5.94167
0.23345	5.94852
0.23367	5.95638
0.2339	5.96323
0.23411	5.97008
0.23435	5.97744
0.23456	5.98429
0.23479	5.99113
0.235	5.99849
0.23523	6.00539
0.23546	6.0127
0.23567	6.02057
0.23589	6.02792
0.23612	6.03524
0.23634	6.04259
0.23657	6.05046
0.23678	6.05777
0.23702	6.06564
0.23723	6.07299
0.23745	6.08082
0.23768	6.08817
0.23789	6.09599
0.23811	6.10335
0.23834	6.11122
0.23856	6.11904
0.23879	6.12686
0.239	6.13421
0.23922	6.14106
0.23945	6.14939
0.23967	6.15675
0.23991	6.16411
0.24012	6.17146
0.24035	6.17882
0.24056	6.18618
0.24078	6.19349
0.24101	6.20085
0.24122	6.2082
0.24144	6.21505
0.24168	6.22292
0.24189	6.22977
0.24213	6.23713
0.24233	6.24448
0.24257	6.25133
0.24278	6.25915
0.243	6.266
0.24323	6.2729
0.24344	6.27975
0.24367	6.2871
0.24389	6.29344
0.24411	6.3008
0.24434	6.30816
0.24456	6.31552
0.24477	6.3219
0.24501	6.32875
0.24522	6.33611
0.24546	6.34392
0.24566	6.35175
0.2459	6.35961
0.24611	6.36743
0.24634	6.3753
0.24656	6.38409
0.24678	6.39242
0.247	6.40075
0.24723	6.40908
0.24744	6.41695
0.24768	6.42476
0.24789	6.4331
0.24812	6.44092
0.24833	6.44975
0.24856	6.45711
0.24879	6.46544
0.249	6.47377
0.24922	6.4821
0.24944	6.4914
0.24967	6.49973
0.2499	6.50806
0.25011	6.51588
0.25033	6.52421
0.25056	6.53254
0.25078	6.54087
0.25101	6.5492
0.25122	6.55752
0.25146	6.56585
0.25167	6.57418
0.25189	6.58302
0.25212	6.59135
0.25233	6.59917
0.25255	6.6075
0.25278	6.61583
0.253	6.62467
0.25323	6.633
0.25344	6.64132
0.25368	6.64966
0.25389	6.65849
0.25411	6.66682
0.25434	6.67561
0.25455	6.68394
0.25477	6.69228
0.255	6.70111
0.25522	6.70944
0.25545	6.71777
0.25566	6.7261
0.25588	6.73489
0.25611	6.74322
0.25633	6.75155
0.25656	6.75988
0.25677	6.76821
0.25701	6.77654
0.25722	6.78538
0.25744	6.79422
0.25767	6.80301
0.25788	6.81134
0.2581	6.82017
0.25833	6.82897
0.25855	6.8378
0.25878	6.84664
0.25899	6.85497
0.25923	6.86427
0.25944	6.87306
0.25966	6.8814
0.25989	6.89023
0.2601	6.89805
0.26033	6.90786
0.26055	6.9167
0.26077	6.92503
0.261	6.93382
0.26122	6.94215
0.26145	6.95099
0.26166	6.96029
0.26188	6.96913
0.26212	6.97695
0.26233	6.98579
0.26255	6.99458
0.26277	7.00291
0.26299	7.01078
0.26322	7.01957
0.26344	7.0279
0.26367	7.03622
0.26388	7.04456
0.26411	7.05288
0.26433	7.06121
0.26454	7.06954
0.26478	7.07787
0.26499	7.08574
0.26521	7.09407
0.26544	7.10239
0.26566	7.11073
0.26589	7.11855
0.2661	7.12738
0.26633	7.13521
0.26656	7.14303
0.26677	7.15186
0.267	7.15968
0.26721	7.16801
0.26744	7.17634
0.26766	7.18467
0.26788	7.19351
0.26812	7.20235
0.26833	7.21114
0.26855	7.21998
0.26878	7.22928
0.26899	7.23811
0.26923	7.24742
0.26943	7.25621
0.26965	7.26551
0.26988	7.27435
0.2701	7.28268
0.27033	7.29198
0.27054	7.30128
0.27077	7.31012
0.271	7.31896
0.27122	7.32775
0.27145	7.33705
0.27165	7.34639
0.27188	7.35519
0.2721	7.36403
0.27232	7.37282
0.27256	7.38212
0.27277	7.39096
0.27299	7.3998
0.27321	7.40813
0.27343	7.41789
0.27367	7.42622
0.27388	7.43506
0.2741	7.44436
0.27433	7.45366
0.27454	7.4625
0.27478	7.47083
0.27499	7.47966
0.27521	7.48897
0.27543	7.49776
0.27566	7.50563
0.27589	7.51442
0.27609	7.52326
0.27632	7.53158
0.27655	7.54089
0.27676	7.54921
0.277	7.55754
0.27721	7.56638
0.27743	7.57517
0.27765	7.58351
0.27788	7.59234
0.27811	7.60113
0.27832	7.60997
0.27856	7.61881
0.27877	7.62714
0.27898	7.63547
0.27922	7.64426
0.27943	7.65259
0.27965	7.66092
0.27987	7.66925
0.2801	7.67758
0.28032	7.68591
0.28054	7.69475
0.28078	7.70256
0.28099	7.71089
0.28121	7.72019
0.28144	7.72852
0.28165	7.73686
0.28187	7.74569
0.28209	7.75453
0.28232	7.76286
0.28255	7.77119
0.28276	7.77901
0.283	7.78785
0.28321	7.79664
0.28343	7.80497
0.28366	7.81427
0.28387	7.82357
0.28411	7.83338
0.28432	7.8437
0.28454	7.853
0.28477	7.86281
0.28498	7.87258
0.28522	7.88188
0.28543	7.89168
0.28565	7.90149
0.28588	7.9108
0.28609	7.9201
0.28633	7.93042
0.28654	7.94018
0.28676	7.94953
0.28699	7.95929
0.28721	7.96864
0.28744	7.9784
0.28765	7.98821
0.28787	7.99751
0.2881	8.00681
0.28831	8.01616
0.28855	8.02495
0.28876	8.03476
0.28898	8.04407
0.28921	8.0529
0.28943	8.0622
0.28966	8.07151
0.28987	8.08081
0.29009	8.09061
0.29032	8.09992
0.29054	8.10922
0.29077	8.11903
0.29098	8.12787
0.2912	8.13768
0.29143	8.14698
0.29165	8.15628
0.29188	8.16558
0.29209	8.17488
0.29232	8.18418
0.29254	8.19353
0.29275	8.2038
0.29299	8.21361
0.2932	8.22291
0.29343	8.2317
0.29365	8.24105
0.29387	8.25081
0.29411	8.26016
0.29431	8.26993
0.29453	8.27927
0.29476	8.28903
0.29498	8.29834
0.29521	8.30768
0.29542	8.31745
0.29565	8.32726
0.29588	8.33656
0.29609	8.34591
0.29633	8.35618
0.29654	8.36599
0.29675	8.37529
0.29698	8.3851
0.2972	8.39486
0.29744	8.40421
0.29764	8.413
0.29787	8.4223
0.29809	8.43212
0.29831	8.44142
0.29855	8.45072
0.29876	8.46007
0.29898	8.46886
0.29921	8.47769
0.29942	8.487
0.29966	8.49532
0.29987	8.50463
0.30011	8.51346
0.30031	8.52179
0.30053	8.53058
0.30076	8.53891
0.30097	8.54724
0.3012	8.55608
0.30142	8.56487
0.30164	8.5732
0.30188	8.58204
0.30209	8.58986
0.30232	8.59773
0.30253	8.60652
0.30276	8.61485
0.30299	8.62318
0.3032	8.63151
0.30342	8.64035
0.30365	8.64817
0.30386	8.657
0.3041	8.66483
0.30431	8.67315
0.30455	8.68199
0.30476	8.69083
0.30498	8.70013
0.3052	8.70846
0.30542	8.71776
0.30564	8.72706
0.30586	8.7359
0.30609	8.74469
0.30632	8.75353
0.30653	8.76237
0.30675	8.77116
0.30698	8.78046
0.30719	8.7893
0.30743	8.79763
0.30764	8.80642
0.30788	8.81475
0.30809	8.82359
0.30831	8.83192
0.30854	8.84076
0.30875	8.84955
0.30897	8.85838
0.3092	8.86621
0.30942	8.87454
0.30965	8.88337
0.30986	8.89217
0.3101	8.901
0.31031	8.90934
0.31053	8.91817
0.31076	8.92697
0.31097	8.93626
0.31119	8.94562
0.31142	8.95491
0.31164	8.9637
0.31187	8.97352
0.31208	8.98235
0.3123	8.99115
0.31253	9.00045
0.31275	9.00979
0.31298	9.01909
0.31319	9.02789
0.31343	9.03723
0.31364	9.04654
0.31386	9.05584
0.31409	9.06463
0.31431	9.07296
0.31453	9.0818
0.31475	9.0911
0.31497	9.09943
0.31521	9.10826
0.31542	9.11756
0.31565	9.1259
0.31586	9.1357
0.31608	9.14449
0.31631	9.15283
0.31652	9.16116
0.31674	9.1705
0.31697	9.17883
0.31719	9.18716
0.31742	9.19646
0.31764	9.20525
0.31788	9.21358
0.31808	9.22242
0.3183	9.23075
0.31854	9.23908
0.31874	9.24787
0.31897	9.2562
0.31919	9.26504
0.31941	9.27434
0.31964	9.28318
0.31986	9.29299
0.32009	9.30326
0.3203	9.31256
0.32053	9.32237
0.32076	9.33218
0.32097	9.34195
0.3212	9.35176
0.32141	9.36156
0.32163	9.37184
0.32186	9.38165
0.32208	9.39095
0.32232	9.40076
0.32252	9.41057
0.32274	9.42038
0.32298	9.43065
0.32319	9.44046
0.32342	9.45023
0.32363	9.46055
0.32385	9.47133
0.32408	9.4816
0.3243	9.49187
0.32453	9.50168
0.32474	9.51149
0.32497	9.52176
0.3252	9.53255
0.32541	9.54236
0.32564	9.55263
0.32585	9.56244
0.32608	9.57271
0.3263	9.58252
0.32652	9.59233
0.32676	9.6026
0.32697	9.61293
0.32719	9.6232
0.32741	9.63301
0.32763	9.64328
0.32786	9.65406
0.32807	9.66434
0.3283	9.67512
0.32853	9.68544
0.32874	9.69622
0.32898	9.70649
0.32919	9.71676
0.32941	9.72657
0.32964	9.73638
0.32985	9.74665
0.33009	9.75697
0.3303	9.76725
0.33052	9.77752
0.33075	9.78733
0.33096	9.79714
0.3312	9.80792
0.33141	9.8182
0.33163	9.82851
0.33186	9.83879
0.33207	9.84906
0.33231	9.85984
0.33252	9.87016
0.33274	9.8809
0.33297	9.89168
0.33319	9.902
0.33342	9.91227
0.33363	9.92208
0.33385	9.93286
0.33408	9.94313
0.33429	9.95294
0.33453	9.96322
0.33474	9.97353
0.33496	9.98381
0.33518	9.99362
0.3354	10.00389
0.33564	10.01416
0.33585	10.02448
0.33607	10.03527
0.3363	10.04508
0.33652	10.05581
0.33675	10.06613
0.33696	10.0764
0.33718	10.08672
0.33741	10.09699
0.33763	10.10727
0.33786	10.11708
0.33807	10.12688
0.33829	10.1367
0.33852	10.14697
0.33874	10.15627
0.33898	10.16654
0.33918	10.17635
0.3394	10.18565
0.33963	10.195
0.33985	10.20476
0.34008	10.21406
0.34029	10.22387
0.34051	10.23369
0.34074	10.24299
0.34096	10.25279
0.34119	10.2621
0.3414	10.27191
0.34162	10.28172
0.34186	10.29148
0.34207	10.30083
0.34231	10.3111
0.34251	10.32188
0.34275	10.33266
0.34296	10.34344
0.34318	10.35372
0.34341	10.36399
0.34362	10.37431
0.34385	10.38555
0.34407	10.39685
0.34429	10.40712
0.34453	10.41744
0.34474	10.42822
0.34497	10.43946
0.34518	10.45025
0.3454	10.46153
0.34563	10.47181
0.34584	10.48259
0.34606	10.49337
0.3463	10.50462
0.34651	10.5154
0.34675	10.52521
0.34696	10.53548
0.34719	10.54677
0.3474	10.55658
0.34762	10.56685
0.34785	10.57713
0.34807	10.58744
0.3483	10.59721
0.34851	10.60799
0.34873	10.6178
0.34897	10.62812
0.34918	10.63886
0.34941	10.64867
0.34962	10.65848
0.34984	10.66875
0.35007	10.67953
0.35029	10.68934
0.35053	10.69961
0.35073	10.70993
0.35096	10.7202
0.35118	10.73002
0.3514	10.74029
0.35163	10.75061
0.35184	10.76037
0.35206	10.77069
0.35229	10.78045
0.35251	10.79077
0.35275	10.80104
0.35295	10.81085
0.35317	10.82067
0.35341	10.83094
0.35362	10.84121
0.35386	10.85102
0.35407	10.86083
0.35429	10.87064
0.35452	10.88091
0.35473	10.89022
0.35497	10.90003
0.35517	10.9103
0.3554	10.91964
0.35563	10.92941
0.35584	10.93922
0.35608	10.94852
0.35629	10.95884
0.35651	10.96911
0.35674	10.97892
0.35695	10.98822
0.35718	10.999
0.35739	11.00928
0.35762	11.02006
0.35785	11.03084
0.35806	11.04162
0.3583	11.05338
0.35851	11.06467
0.35873	11.07591
0.35896	11.08766
0.35917	11.09845
0.35941	11.10974
0.35962	11.12052
0.35984	11.13176
0.36007	11.14305
0.36028	11.1543
0.36052	11.16559
0.36073	11.17586
0.36095	11.18762
0.36118	11.19839
0.3614	11.20969
0.36163	11.21996
0.36183	11.23074
0.36206	11.24203
0.36229	11.25282
0.36251	11.26355
0.36274	11.27484
0.36295	11.28563
0.36317	11.2964
0.3634	11.30718
0.36361	11.31797
0.36385	11.32875
0.36406	11.33953
0.36428	11.3498
0.36451	11.36059
0.36473	11.37137
0.36496	11.38215
0.36517	11.39293
0.36539	11.40418
0.36562	11.41496
0.36584	11.42574
0.36607	11.43652
0.36628	11.4473
0.3665	11.45859
0.36673	11.46938
0.36695	11.48011
0.36718	11.49089
0.36739	11.50168
0.36763	11.51246
0.36784	11.52278
0.36806	11.53402
0.36829	11.54434
0.3685	11.55507
0.36872	11.56585
0.36895	11.57617
0.36917	11.58696
0.36941	11.59774
0.36961	11.60852
0.36985	11.61977
0.37006	11.63106
0.37028	11.6423
0.37051	11.65262
0.37072	11.66335
0.37096	11.67464
0.37117	11.68594
0.37139	11.69769
0.37162	11.70893
0.37183	11.72022
0.37207	11.73147
0.37228	11.74225
0.3725	11.754
0.37273	11.76576
0.37295	11.77654
0.37317	11.78732
0.37339	11.7981
0.37361	11.8094
0.37384	11.82017
0.37406	11.83045
0.37429	11.84072
0.3745	11.85104
0.37472	11.86182
0.37495	11.87209
0.37516	11.88191
0.3754	11.89171
0.37561	11.90199
0.37584	11.91129
0.37606	11.92156
0.37628	11.93188
0.37651	11.94118
0.37672	11.95099
0.37694	11.96029
0.37718	11.96959
0.37739	11.97987
0.37762	11.98968
0.37783	11.99999
0.37805	12.00929
0.37829	12.0191
0.3785	12.02887
0.37874	12.03868
0.37895	12.04895
0.37916	12.05974
0.37939	12.07005
0.37961	12.08033
0.37985	12.09111
0.38006	12.10138
0.38028	12.1117
0.38051	12.12248
0.38072	12.13275
0.38096	12.14354
0.38116	12.15335
0.38138	12.16362
0.38161	12.1744
0.38183	12.18467
0.38207	12.19448
0.38227	12.2048
0.3825	12.21507
0.38273	12.22438
0.38294	12.23419
0.38317	12.24399
0.38338	12.25427
0.38361	12.26357
0.38383	12.27384
0.38405	12.28319
0.38429	12.29295
0.3845	12.30327
0.38472	12.31308
0.38495	12.32335
0.38516	12.33363
0.3854	12.34441
0.38561	12.35473
0.38583	12.365
0.38606	12.37578
0.38627	12.38605
0.38649	12.39586
0.38671	12.40664
0.38694	12.41646
0.38717	12.42724
0.38738	12.437
0.38762	12.44681
0.38783	12.45709
0.38805	12.46787
0.38828	12.47721
0.38849	12.48799
0.38873	12.49873
0.38894	12.50854
0.38916	12.51886
0.38939	12.52863
0.3896	12.53797
0.38984	12.54871
0.39005	12.55805
0.39027	12.56833
0.3905	12.57763
0.39072	12.58795
0.39095	12.59868
0.39116	12.60803
0.39138	12.61779
0.39161	12.62811
0.39183	12.63741
0.39206	12.64768
0.39227	12.65801
0.39249	12.66731
0.39272	12.67758
0.39294	12.68739
0.39318	12.6972
0.39338	12.70798
0.3936	12.71825
0.39383	12.72954
0.39405	12.74079
0.39428	12.75157
0.39449	12.76235
0.39471	12.77314
0.39494	12.78438
0.39516	12.79516
0.39539	12.80594
0.3956	12.81672
0.39582	12.82751
0.39605	12.83829
0.39627	12.84958
0.3965	12.86036
0.39671	12.8716
0.39694	12.88238
0.39716	12.89317
0.39738	12.90446
0.39761	12.9157
0.39782	12.92699
0.39805	12.93824
0.39827	12.94953
0.39849	12.96077
0.39873	12.97252
0.39893	12.98428
0.39917	12.99557
0.39938	13.00682
0.3996	13.0176
0.39983	13.02889
0.40004	13.04064
0.40027	13.05193
0.4005	13.06317
0.40071	13.07447
0.40095	13.08622
0.40116	13.09747
0.40139	13.10922
0.4016	13.12102
0.40182	13.13277
0.40205	13.14402
0.40226	13.15531
0.40249	13.16753
0.40271	13.17932
0.40293	13.19057
0.40317	13.20186
0.40338	13.21361
0.40361	13.22537
0.40382	13.23661
0.40404	13.24739
0.40427	13.25869
0.40448	13.26993
0.40471	13.28122
0.40493	13.29246
0.40515	13.30325
0.40538	13.31454
0.4056	13.32578
0.40583	13.33656
0.40604	13.34832
0.40626	13.36011
0.4065	13.37187
0.40671	13.38311
0.40694	13.39486
0.40715	13.40662
0.40737	13.41791
0.40761	13.42966
0.40782	13.44142
0.40806	13.45317
0.40827	13.46492
0.40848	13.47672
0.40872	13.48797
0.40893	13.49972
0.40917	13.51148
0.40938	13.52226
0.40959	13.53355
0.40983	13.5453
0.41004	13.55655
0.41028	13.56784
0.41048	13.57959
0.4107	13.59134
0.41094	13.6031
0.41115	13.61388
0.41139	13.62563
0.4116	13.63692
0.41181	13.64817
0.41205	13.65895
0.41226	13.67024
0.4125	13.68102
0.41271	13.69226
0.41293	13.70305
0.41316	13.71383
0.41337	13.72415
0.41361	13.73493
0.41382	13.7452
0.41404	13.75548
0.41427	13.76579
0.41448	13.77607
0.41472	13.78685
0.41492	13.79763
0.41515	13.80841
0.41538	13.81919
0.41559	13.82947
0.41583	13.84076
0.41604	13.85154
0.41626	13.86329
0.41649	13.87454
0.4167	13.88583
0.41694	13.89758
0.41715	13.90883
0.41737	13.92109
0.4176	13.93238
0.41781	13.94362
0.41805	13.95589
0.41826	13.96713
0.41848	13.97893
0.41871	13.99115
0.41892	14.0029
0.41916	14.01516
0.41937	14.02691
0.41959	14.03867
0.41982	14.04996
0.42004	14.06172
0.42027	14.07444
0.42048	14.08573
0.4207	14.09651
0.42093	14.10826
0.42114	14.11951
0.42138	14.13178
0.42159	14.14306
0.42181	14.15431
0.42204	14.16606
0.42226	14.17735
0.42249	14.18813
0.4227	14.19938
0.42292	14.21067
0.42315	14.22192
0.42337	14.23367
0.4236	14.24496
0.42381	14.25574
0.42403	14.26699
0.42426	14.27777
0.42448	14.28906
0.42471	14.30081
0.42492	14.3121
0.42516	14.32385
0.42537	14.33412
0.42559	14.34542
0.42582	14.35666
0.42603	14.36795
0.42626	14.3792
0.42648	14.39049
0.4267	14.40173
0.42694	14.41302
0.42715	14.42381
0.42738	14.43505
0.42759	14.44583
0.42781	14.45662
0.42804	14.4679
0.42825	14.47818
0.42847	14.48896
0.4287	14.49974
0.42892	14.51052
0.42915	14.5213
0.42936	14.53209
0.4296	14.54287
0.42981	14.55365
0.43003	14.56392
0.43026	14.57471
0.43048	14.58498
0.43071	14.59479
0.43092	14.60603
0.43114	14.61682
0.43138	14.6281
0.43159	14.63935
0.43182	14.65064
0.43203	14.66239
0.43225	14.67512
0.43248	14.68692
0.43269	14.69867
0.43293	14.71089
0.43314	14.72315
0.43337	14.73587
0.43359	14.74763
0.4338	14.75989
0.43404	14.77215
0.43425	14.78391
0.43447	14.79617
0.4347	14.80839
0.43492	14.82018
0.43515	14.8324
0.43536	14.84415
0.43559	14.85591
0.43582	14.86771
0.43603	14.87992
0.43626	14.89168
0.43647	14.90394
0.43669	14.91472
0.43692	14.92648
0.43714	14.93823
0.43738	14.95049
0.43758	14.96225
0.43781	14.974
0.43803	14.98529
0.43825	14.99751
0.43849	15.0093
0.43869	15.02055
0.43891	15.03231
0.43914	15.04406
0.43936	15.05581
0.43959	15.0671
0.4398	15.07885
0.44003	15.08964
0.44025	15.1019
0.44047	15.11314
0.4407	15.12392
0.44091	15.13568
0.44114	15.14697
0.44137	15.15872
0.44158	15.17001
0.44182	15.18177
0.44203	15.19352
0.44225	15.20476
0.44247	15.21606
0.44269	15.2273
0.44293	15.23905
0.44314	15.25034
0.44335	15.2621
0.44359	15.27385
0.4438	15.28561
0.44404	15.29736
0.44425	15.30916
0.44447	15.32091
0.44469	15.33313
0.44492	15.34539
0.44514	15.35715
0.44536	15.36941
0.44558	15.38065
0.44581	15.39245
0.44602	15.40518
0.44626	15.41693
0.44647	15.42822
0.4467	15.43997
0.44691	15.4527
0.44714	15.46394
0.44737	15.47575
0.44758	15.4875
0.4478	15.49971
0.44803	15.51151
0.44825	15.52276
0.44848	15.53451
0.44869	15.54626
0.44893	15.55755
0.44914	15.56982
0.44936	15.58106
0.44959	15.59282
0.4498	15.6036
0.45002	15.61438
0.45025	15.62567
0.45047	15.63692
0.4507	15.64673
0.45091	15.657
0.45113	15.66829
0.45136	15.67856
0.45158	15.68884
0.45181	15.69962
0.45202	15.7109
0.45226	15.72169
0.45247	15.73293
0.45269	15.74325
0.45292	15.75352
0.45313	15.76431
0.45335	15.7756
0.45358	15.78684
0.4538	15.79813
0.45403	15.80891
0.45424	15.82016
0.45448	15.83145
0.45469	15.8427
0.45491	15.85398
0.45514	15.86523
0.45535	15.87652
0.45558	15.88777
0.4558	15.89855
0.45602	15.90932
0.45625	15.91965
0.45647	15.93089
0.45668	15.94167
0.45691	15.95245
0.45713	15.96324
0.45736	15.97351
0.45757	15.9848
0.45781	15.99507
0.45802	16.00585
0.45824	16.01664
0.45847	16.02742
0.45868	16.03769
0.45891	16.04847
0.45914	16.05879
0.45935	16.06957
0.45959	16.08031
0.4598	16.0916
0.46003	16.10335
0.46024	16.11464
0.46046	16.12543
0.4607	16.13621
0.46091	16.14745
0.46113	16.15874
0.46135	16.16952
0.46157	16.18077
0.4618	16.19155
0.46202	16.20233
0.46226	16.21357
0.46247	16.22436
0.46268	16.23514
0.46292	16.24546
0.46313	16.25624
0.46335	16.26702
0.46357	16.27827
0.46379	16.28854
0.46402	16.29932
0.46424	16.30964
0.46447	16.32042
0.46468	16.33121
0.46491	16.34148
0.46514	16.35175
0.46535	16.36253
0.46558	16.37285
0.46579	16.38363
0.46602	16.39391
0.46624	16.40371
0.46646	16.4145
0.4667	16.42528
0.46691	16.43555
0.46713	16.44582
0.46736	16.45661
0.46757	16.4679
0.4678	16.47868
0.46801	16.48992
0.46823	16.50219
0.46846	16.51394
0.46868	16.52569
0.46891	16.53745
0.46912	16.5492
0.46935	16.561
0.46958	16.57224
0.4698	16.5845
0.47003	16.59626
0.47023	16.60801
0.47046	16.61977
0.47068	16.63152
0.4709	16.64378
0.47114	16.65503
0.47135	16.66729
0.47157	16.67858
0.4718	16.69033
0.47201	16.70259
0.47225	16.71481
0.47246	16.72758
0.47268	16.7398
0.47291	16.75155
0.47312	16.76433
0.47336	16.77654
0.47357	16.78881
0.47379	16.80056
0.47402	16.81231
0.47423	16.82457
0.47447	16.83684
0.47468	16.84956
0.4749	16.86182
0.47513	16.87404
0.47534	16.88681
0.47558	16.89954
0.47579	16.91129
0.47601	16.92355
0.47623	16.93628
0.47645	16.949
0.47669	16.9608
0.4769	16.97302
0.47712	16.98579
0.47735	16.99801
0.47757	17.00976
0.4778	17.02151
0.47801	17.03378
0.47825	17.04553
0.47846	17.05779
0.47868	17.06954
0.47891	17.08181
0.47912	17.09356
0.47934	17.10531
0.47957	17.11758
0.47979	17.12979
0.48002	17.14159
0.48023	17.15381
0.48047	17.16607
0.48068	17.1788
0.4809	17.19106
0.48113	17.20379
0.48134	17.21656
0.48156	17.22877
0.48179	17.24154
0.48201	17.25427
0.48224	17.267
0.48245	17.27875
0.48267	17.29101
0.48291	17.30328
0.48312	17.31549
0.48335	17.32775
0.48357	17.34002
0.4838	17.35177
0.48401	17.36352
0.48423	17.37528
0.48446	17.38754
0.48467	17.3998
0.4849	17.41252
0.48512	17.42478
0.48534	17.437
0.48558	17.44977
0.48579	17.46153
0.48602	17.47375
0.48623	17.48601
0.48645	17.49776
0.48668	17.50951
0.48689	17.52127
0.48712	17.53353
0.48734	17.54482
0.48756	17.55658
0.48779	17.56782
0.488	17.57957
0.48823	17.59086
0.48845	17.60262
0.48867	17.61391
0.48891	17.62469
0.48912	17.63644
0.48935	17.64769
0.48956	17.65898
0.48979	17.67073
0.49002	17.68249
0.49023	17.69378
0.49044	17.70553
0.49068	17.71728
0.49089	17.72903
0.49113	17.74079
0.49134	17.75255
0.49157	17.76527
0.49178	17.77707
0.49201	17.78882
0.49223	17.80104
0.49245	17.81279
0.49267	17.82505
0.4929	17.83731
0.49311	17.85055
0.49335	17.86328
0.49356	17.876
0.49379	17.88826
0.494	17.90099
0.49423	17.91376
0.49446	17.92598
0.49467	17.93773
0.49489	17.9505
0.49511	17.96323
0.49534	17.97452
0.49556	17.98673
0.49578	17.99951
0.49602	18.01126
0.49623	18.02301
0.49645	18.03528
0.49668	18.04703
0.49689	18.05925
0.49711	18.07151
0.49734	18.08326
0.49755	18.09501
0.49779	18.10677
0.498	18.11903
0.49824	18.13078
0.49845	18.14254
0.49867	18.15429
0.4989	18.16609
0.49911	18.17831
0.49935	18.19006
0.49956	18.20186
0.49978	18.21408
0.50001	18.22634
0.50022	18.2386
0.50046	18.25082
0.50067	18.26257
0.50089	18.27437
0.50112	18.28612
0.50133	18.29788
0.50157	18.30912
0.50178	18.32088
0.502	18.33268
0.50223	18.34346
0.50245	18.35521
0.50268	18.36646
0.50289	18.37775
0.50311	18.38899
0.50334	18.40028
0.50355	18.41153
0.50379	18.42231
0.504	18.43309
0.50422	18.44438
0.50445	18.45516
0.50467	18.46594
0.5049	18.47719
0.50511	18.48894
0.50533	18.50069
0.50556	18.51198
0.50577	18.52425
0.50601	18.53646
0.50622	18.54924
0.50644	18.56145
0.50667	18.57422
0.50689	18.58741
0.50712	18.60065
0.50733	18.61342
0.50755	18.62614
0.50778	18.63887
0.50799	18.6521
0.50823	18.66483
0.50844	18.6776
0.50867	18.69083
0.50889	18.70356
0.50911	18.71582
0.50935	18.72855
0.50956	18.74081
0.50977	18.75353
0.51	18.7658
0.51022	18.77801
0.51045	18.79027
0.51066	18.803
0.51088	18.81526
0.51112	18.82753
0.51133	18.84025
0.51157	18.85251
0.51177	18.86473
0.51199	18.87699
0.51223	18.88874
0.51244	18.90101
0.51267	18.91327
0.51288	18.92502
0.51311	18.93775
0.51333	18.95001
0.51355	18.96223
0.51378	18.97449
0.51399	18.98675
0.51421	18.99902
0.51444	19.01123
0.51466	19.0235
0.51489	19.03576
0.5151	19.04797
0.51533	19.05977
0.51555	19.07153
0.51578	19.08374
0.516	19.09601
0.51621	19.10873
0.51643	19.12048
0.51667	19.13275
0.51688	19.14501
0.51712	19.15625
0.51733	19.16851
0.51755	19.18078
0.51777	19.19304
0.51799	19.20577
0.51822	19.21849
0.51844	19.23122
0.51867	19.24399
0.51888	19.2562
0.5191	19.26847
0.51933	19.28119
0.51955	19.29346
0.51977	19.30521
0.51999	19.31747
0.52022	19.32922
0.52044	19.34098
0.52066	19.3537
0.5209	19.3655
0.52111	19.37772
0.52133	19.39049
0.52156	19.40224
0.52177	19.41446
0.52199	19.42769
0.52221	19.43995
0.52243	19.45222
0.52266	19.46494
0.52288	19.47721
0.52311	19.48993
0.52332	19.5022
0.52355	19.51492
0.52378	19.52668
0.52399	19.53894
0.52423	19.5512
0.52443	19.56341
0.52466	19.57517
0.52488	19.58692
0.5251	19.59872
0.52534	19.60997
0.52555	19.62172
0.52577	19.63301
0.526	19.64476
0.52621	19.65651
0.52644	19.66781
0.52665	19.67905
0.52688	19.69034
0.52711	19.70159
0.52732	19.71334
0.52756	19.72463
0.52777	19.73588
0.52799	19.74763
0.52822	19.75943
0.52843	19.77118
0.52867	19.78294
0.52888	19.79469
0.5291	19.80644
0.52933	19.8182
0.52954	19.82995
0.52978	19.8417
0.52999	19.85299
0.53021	19.86424
0.53044	19.87604
0.53065	19.88779
0.53089	19.89904
0.5311	19.91033
0.53132	19.92157
0.53155	19.93236
0.53177	19.94364
0.532	19.95489
0.53221	19.96618
0.53243	19.97743
0.53266	19.98821
0.53287	19.99899
0.53311	20.00977
0.53332	20.02055
0.53354	20.03133
0.53377	20.04262
0.53399	20.05387
0.53422	20.06516
0.53443	20.0764
0.53467	20.08816
0.53488	20.09991
0.53509	20.11166
0.53533	20.12296
0.53554	20.13522
0.53576	20.14697
0.53599	20.15822
0.53621	20.17048
0.53644	20.18177
0.53665	20.19301
0.53689	20.20477
0.5371	20.21652
0.53732	20.2273
0.53755	20.23859
0.53776	20.24983
0.53798	20.26113
0.53821	20.27191
0.53843	20.28315
0.53867	20.29445
0.53888	20.30472
0.53911	20.3155
0.53932	20.32628
0.53954	20.33706
0.53977	20.34784
0.53998	20.35913
0.5402	20.36987
0.54043	20.38065
0.54065	20.39143
0.54088	20.40175
0.54109	20.413
0.54133	20.42429
0.54154	20.43553
0.54176	20.44729
0.54199	20.45858
0.54221	20.47084
0.54244	20.48259
0.54265	20.49481
0.54287	20.50707
0.5431	20.51883
0.54332	20.53058
0.54355	20.54284
0.54376	20.5551
0.54398	20.56737
0.54421	20.57958
0.54442	20.59134
0.54466	20.60411
0.54487	20.61633
0.54509	20.62859
0.54532	20.64085
0.54554	20.65306
0.54578	20.66533
0.54599	20.67759
0.5462	20.68985
0.54644	20.70161
0.54665	20.71484
0.54688	20.72757
0.54709	20.74029
0.54731	20.75352
0.54754	20.76625
0.54776	20.77851
0.548	20.79175
0.5482	20.80447
0.54842	20.81771
0.54865	20.83043
0.54887	20.84321
0.54911	20.8569
0.54932	20.86963
0.54954	20.88337
0.54977	20.8961
0.54997	20.90933
0.5502	20.92256
0.55042	20.93529
0.55064	20.94852
0.55087	20.96176
0.55109	20.97499
0.55132	20.98725
0.55153	21.00049
0.55176	21.01321
0.55199	21.02594
0.5522	21.03866
0.55243	21.05092
0.55264	21.06319
0.55287	21.07591
0.55309	21.08864
0.55331	21.1009
0.55355	21.11317
0.55376	21.1264
0.55398	21.13912
0.55421	21.15138
0.55442	21.16411
0.55466	21.17735
0.55487	21.19007
0.55509	21.2028
0.55532	21.21557
0.55553	21.2288
0.55577	21.24153
0.55598	21.25476
0.5562	21.26749
0.55643	21.28021
0.55664	21.29247
0.55688	21.3052
0.55709	21.31797
0.55731	21.33121
0.55754	21.34342
0.55775	21.35666
0.55799	21.36938
0.5582	21.38165
0.55842	21.39488
0.55865	21.4076
0.55886	21.42037
0.5591	21.43407
0.55931	21.44731
0.55953	21.461
0.55976	21.47377
0.55998	21.48701
0.56021	21.49974
0.56042	21.51246
0.56064	21.52523
0.56087	21.53842
0.56109	21.55068
0.56132	21.56244
0.56153	21.57521
0.56175	21.58742
0.56198	21.59968
0.5622	21.61195
0.56243	21.6237
0.56264	21.63592
0.56286	21.64771
0.56309	21.65947
0.56331	21.67168
0.56354	21.68349
0.56375	21.69524
0.56397	21.70745
0.5642	21.72023
0.56442	21.73198
0.56465	21.7442
0.56486	21.75646
0.56508	21.76872
0.56531	21.78145
0.56553	21.79417
0.56576	21.80644
0.56597	21.8187
0.5662	21.83142
0.56642	21.84415
0.56663	21.85692
0.56687	21.87016
0.56708	21.88339
0.56731	21.89611
0.56753	21.90884
0.56775	21.92258
0.56799	21.93628
0.5682	21.94951
0.56842	21.96224
0.56864	21.97501
0.56886	21.9882
0.56909	22.00097
0.5693	22.0137
0.56952	22.02642
0.56975	22.03919
0.56997	22.05141
0.5702	22.06418
0.57041	22.07737
0.57064	22.08963
0.57086	22.10189
0.57108	22.11462
0.57131	22.12688
0.57153	22.13914
0.57176	22.15187
0.57197	22.16459
0.57219	22.17686
0.57243	22.18912
0.57264	22.20184
0.57287	22.21457
0.57308	22.22729
0.5733	22.23956
0.57353	22.25182
0.57374	22.26455
0.57397	22.27727
0.5742	22.29004
0.57441	22.30226
0.57465	22.31452
0.57486	22.32725
0.57509	22.33951
0.5753	22.35223
0.57552	22.36449
0.57576	22.37676
0.57597	22.38851
0.57619	22.40026
0.57641	22.41253
0.57663	22.42428
0.57687	22.43603
0.57708	22.44779
0.5773	22.45954
0.57753	22.47083
0.57774	22.48258
0.57798	22.49383
0.57819	22.50563
0.57843	22.51687
0.57863	22.52863
0.57886	22.54089
0.57909	22.55315
0.5793	22.56491
0.57954	22.57712
0.57974	22.59035
0.57996	22.60313
0.5802	22.61636
0.58041	22.62955
0.58064	22.64232
0.58085	22.65556
0.58108	22.66874
0.58131	22.683
0.58152	22.69669
0.58175	22.71039
0.58199	22.72464
0.58221	22.73834
0.58244	22.75204
0.58266	22.76481
0.58289	22.77804
0.5831	22.79128
0.58332	22.804
0.58356	22.81673
0.58377	22.82996
0.584	22.84269
0.58421	22.85643
0.58443	22.86915
0.58466	22.88188
0.58488	22.89511
0.58511	22.90738
0.58532	22.9201
0.58554	22.93288
0.58577	22.94657
0.58598	22.95883
0.58622	22.97156
0.58643	22.98479
0.58665	22.99752
0.58688	23.01075
0.5871	23.02348
0.58733	23.03671
0.58754	23.04948
0.58777	23.06318
0.588	23.07544
0.58821	23.08817
0.58844	23.1014
0.58865	23.11367
0.58887	23.12588
0.5891	23.13865
0.58931	23.15138
0.58955	23.1641
0.58976	23.17683
0.58999	23.18909
0.59021	23.20181
0.59043	23.21408
0.59067	23.2268
0.59087	23.23957
0.59109	23.25179
0.59132	23.26406
0.59154	23.27678
0.59177	23.28955
0.59198	23.30227
0.59221	23.31551
0.59244	23.32874
0.59265	23.34198
0.59288	23.35522
0.59309	23.36794
0.59332	23.38066
0.59354	23.39339
0.59376	23.40616
0.594	23.41888
0.59421	23.43161
0.59443	23.44485
0.59465	23.45762
0.59487	23.47034
0.59511	23.48358
0.59532	23.49681
0.59553	23.50953
0.59577	23.52226
0.59598	23.53499
0.59622	23.54725
0.59643	23.56048
0.59665	23.57321
0.59687	23.58598
0.59709	23.5982
0.59732	23.61046
0.59753	23.62272
0.59776	23.63544
0.59798	23.64771
0.5982	23.65992
0.59844	23.67269
0.59865	23.68445
0.59888	23.69718
0.59909	23.70893
0.59931	23.72119
0.59955	23.73294
0.59976	23.7447
0.59998	23.75645
0.60021	23.7682
0.60042	23.78047
0.60066	23.79222
0.60087	23.80397
0.60111	23.81578
0.60132	23.82702
0.60153	23.83831
0.60177	23.85006
0.60198	23.86131
0.6022	23.87357
0.60242	23.88583
0.60265	23.89758
0.60288	23.90883
0.60309	23.92109
0.60331	23.93285
0.60354	23.9446
0.60376	23.95635
0.60399	23.96862
0.6042	23.98037
0.60444	23.99212
0.60465	24.00439
0.60487	24.01614
0.6051	24.02692
0.60531	24.03868
0.60553	24.05043
0.60576	24.06218
0.60598	24.07398
0.60621	24.08522
0.60642	24.09651
0.60666	24.10776
0.60687	24.11905
0.60709	24.1303
0.60732	24.14158
0.60754	24.15237
0.60775	24.16361
0.60798	24.17537
0.6082	24.18665
0.60843	24.19892
0.60864	24.21017
0.60888	24.22243
0.60909	24.23469
0.60931	24.2469
0.60954	24.25917
0.60975	24.27143
0.60997	24.28268
0.6102	24.29494
0.61042	24.30669
0.61065	24.31845
0.61087	24.3302
0.61108	24.34195
0.61131	24.35324
0.61153	24.36499
0.61177	24.37675
0.61198	24.38804
0.61221	24.39979
0.61242	24.41104
0.61264	24.42233
0.61287	24.43311
0.61308	24.44486
0.6133	24.45611
0.61353	24.4674
0.61375	24.47864
0.61398	24.48943
0.61419	24.50072
0.61443	24.51247
0.61464	24.52376
0.61486	24.53501
0.61509	24.54579
0.6153	24.55708
0.61553	24.56883
0.61575	24.58008
0.61597	24.59183
0.6162	24.6046
0.61642	24.61682
0.61664	24.62908
0.61687	24.6418
0.61708	24.65407
0.61732	24.66633
0.61753	24.67854
0.61776	24.69081
0.61797	24.70353
0.6182	24.7158
0.61842	24.72903
0.61863	24.74078
0.61886	24.75254
0.61909	24.76531
0.6193	24.77752
0.61954	24.78928
0.61975	24.80154
0.61998	24.8138
0.62019	24.82606
0.62042	24.83926
0.62065	24.85152
0.62086	24.86424
0.62108	24.87748
0.6213	24.89122
0.62153	24.90445
0.62176	24.91769
0.62197	24.93087
0.62219	24.94411
0.62242	24.95785
0.62264	24.97109
0.62287	24.98529
0.62308	24.99899
0.62332	25.01273
0.62353	25.02643
0.62375	25.03966
0.62398	25.05387
0.62419	25.06761
0.62441	25.08034
0.62464	25.09357
0.62485	25.10681
0.62509	25.11953
0.6253	25.13276
0.62554	25.146
0.62575	25.15873
0.62597	25.17145
0.6262	25.18422
0.62641	25.19695
0.62663	25.20967
0.62686	25.2224
0.62708	25.2342
0.62731	25.24692
0.62752	25.25918
0.62776	25.2714
0.62797	25.28417
0.62819	25.2969
0.62842	25.31014
0.62863	25.32235
0.62887	25.33558
0.62908	25.34932
0.6293	25.36256
0.62954	25.3758
0.62976	25.39
0.62999	25.40421
0.63022	25.41744
0.63043	25.43017
0.63067	25.44386
0.63088	25.45664
0.63111	25.46936
0.63132	25.48259
0.63155	25.49532
0.63178	25.50805
0.63199	25.52128
0.63221	25.53354
0.63243	25.54678
0.63266	25.55904
0.63289	25.57177
0.6331	25.585
0.63332	25.5987
0.63355	25.61142
0.63377	25.62419
0.634	25.63743
0.63421	25.65066
0.63445	25.66385
0.63466	25.67611
0.63488	25.68935
0.63511	25.70207
0.63532	25.71433
0.63554	25.7266
0.63577	25.73881
0.63598	25.75107
0.63622	25.76334
0.63643	25.7756
0.63667	25.78735
0.63688	25.80008
0.6371	25.81183
0.63733	25.82359
0.63754	25.83534
0.63776	25.84857
0.63799	25.86084
0.63821	25.87259
0.63844	25.88434
0.63865	25.8961
0.63887	25.90836
0.6391	25.92062
0.63932	25.93284
0.63955	25.94561
0.63976	25.95833
0.64	25.97106
0.64021	25.98332
0.64043	25.99559
0.64066	26.0078
0.64088	26.02007
0.64109	26.03233
0.64132	26.04505
0.64154	26.05879
0.64177	26.07152
0.64198	26.08424
0.64222	26.09697
0.64243	26.11021
0.64265	26.12344
0.64288	26.13616
0.64309	26.14894
0.64332	26.16166
0.64354	26.17438
0.64376	26.18665
0.64399	26.19937
0.64421	26.21215
0.64443	26.22487
0.64465	26.23759
0.64487	26.24986
0.64511	26.26258
0.64532	26.27484
0.64555	26.28808
0.64576	26.30034
0.64598	26.3121
0.64622	26.32482
0.64643	26.33709
0.64665	26.34884
0.64688	26.36156
0.64709	26.37429
0.64733	26.38655
0.64754	26.39881
0.64778	26.41154
0.64798	26.4238
0.6482	26.43602
0.64844	26.44879
0.64865	26.461
0.64887	26.47281
0.64909	26.48502
0.64932	26.49728
0.64955	26.51001
0.64976	26.52176
0.64998	26.53356
0.65021	26.54531
0.65042	26.55753
0.65066	26.56882
0.65087	26.58109
0.65111	26.59233
0.65132	26.60362
0.65154	26.61486
0.65177	26.62662
0.65198	26.63837
0.6522	26.64966
0.65243	26.66142
0.65264	26.67368
0.65288	26.68543
0.65309	26.69719
0.65332	26.70894
0.65353	26.72167
0.65376	26.73444
0.65399	26.74767
0.6542	26.76039
0.65442	26.77312
0.65464	26.78635
0.65487	26.79908
0.6551	26.81231
0.65531	26.82555
0.65555	26.83929
0.65576	26.85202
0.65598	26.86474
0.65621	26.87798
0.65642	26.89121
0.65664	26.90444
0.65687	26.91717
0.65709	26.9299
0.65732	26.94266
0.65754	26.9559
0.65777	26.96863
0.65798	26.98089
0.6582	26.99408
0.65843	27.00634
0.65864	27.01957
0.65888	27.0323
0.65909	27.04507
0.65931	27.05779
0.65954	27.07006
0.65975	27.08329
0.65999	27.09648
0.6602	27.10925
0.66042	27.12147
0.66065	27.13424
0.66086	27.14697
0.6611	27.15969
0.66131	27.17246
0.66153	27.18565
0.66176	27.19791
0.66198	27.21017
0.66221	27.2229
0.66242	27.23465
0.66264	27.24742
0.66287	27.26015
0.66309	27.27241
0.66332	27.28463
0.66353	27.29638
0.66376	27.30915
0.66398	27.32137
0.66419	27.33317
0.66442	27.3459
0.66464	27.35816
0.66486	27.37037
0.66509	27.38263
0.66531	27.3949
0.66555	27.40711
0.66575	27.41989
0.66597	27.43261
0.6662	27.44631
0.66642	27.45908
0.66665	27.47232
0.66686	27.48504
0.66708	27.49776
0.66731	27.511
0.66753	27.52423
0.66776	27.53747
0.66797	27.54973
0.6682	27.56292
0.66843	27.57569
0.66864	27.58791
0.66887	27.60114
0.66908	27.61391
0.66931	27.62663
0.66953	27.63936
0.66975	27.65209
0.66999	27.66532
0.6702	27.67809
0.67042	27.69082
0.67065	27.70354
0.67086	27.71581
0.67109	27.72807
0.6713	27.73982
0.67152	27.75157
0.67176	27.7643
0.67197	27.77605
0.67221	27.78781
0.67242	27.79961
0.67264	27.81182
0.67287	27.82409
0.67308	27.83584
0.67332	27.84759
0.67353	27.85985
0.67375	27.87161
0.67398	27.88387
0.67419	27.89562
0.67443	27.90738
0.67464	27.91862
0.67486	27.93042
0.67508	27.94218
0.6753	27.95393
0.67554	27.96517
0.67574	27.97693
0.67597	27.98822
0.6762	27.99997
0.67642	28.01172
0.67665	28.02348
0.67686	28.03523
0.6771	28.04703
0.67731	28.05879
0.67752	28.07054
0.67776	28.08229
0.67797	28.09405
0.67819	28.1058
0.67842	28.11709
0.67864	28.12834
0.67887	28.13963
0.67908	28.15087
0.67932	28.16262
0.67953	28.17392
0.67974	28.18516
0.67998	28.19594
0.68019	28.20672
0.68041	28.2175
0.68064	28.22879
0.68086	28.23958
0.68109	28.25082
0.6813	28.2616
0.68154	28.27289
0.68175	28.28414
0.68197	28.29492
0.6822	28.3057
0.68241	28.31699
0.68263	28.32874
0.68287	28.3405
0.6831	28.35322
0.68333	28.366
0.68354	28.37724
0.68377	28.38899
0.684	28.40075
0.68421	28.4125
0.68445	28.4243
0.68466	28.43606
0.68489	28.4473
0.6851	28.45859
0.68532	28.47081
0.68556	28.48209
0.68577	28.49334
0.68599	28.50463
0.68622	28.51541
0.68643	28.52717
0.68667	28.53846
0.68688	28.54873
0.68711	28.55997
0.68732	28.57076
0.68755	28.58205
0.68777	28.59329
0.68799	28.60361
0.68821	28.61439
0.68844	28.62564
0.68865	28.63642
0.68888	28.6472
0.6891	28.65798
0.68932	28.66876
0.68955	28.68006
0.68976	28.69181
0.69	28.70356
0.69021	28.71582
0.69044	28.72804
0.69065	28.73933
0.69088	28.75155
0.69111	28.76381
0.69132	28.77556
0.69154	28.78732
0.69177	28.79912
0.69199	28.81036
0.69222	28.82262
0.69243	28.83484
0.69267	28.84664
0.69288	28.85885
0.6931	28.87112
0.69333	28.88338
0.69354	28.89513
0.69376	28.90689
0.69398	28.91864
0.69421	28.9309
0.69444	28.94363
0.69466	28.95636
0.69487	28.96811
0.6951	28.98037
0.69532	28.9931
0.69555	29.00684
0.69576	29.02007
0.696	29.0328
0.69621	29.04654
0.69643	29.05973
0.69666	29.07296
0.69687	29.08574
0.69709	29.09897
0.69732	29.11169
0.69754	29.12442
0.69778	29.13766
0.69799	29.15089
0.69822	29.16315
0.69843	29.17588
0.69865	29.1886
0.69889	29.20133
0.69909	29.2141
0.69931	29.22631
0.69954	29.23858
0.69976	29.2513
0.69999	29.26454
0.7002	29.27629
0.70042	29.28906
0.70066	29.30128
0.70087	29.31354
0.70111	29.32529
0.70132	29.33806
0.70155	29.35028
0.70176	29.36204
0.70198	29.37481
0.70221	29.38702
0.70242	29.39929
0.70265	29.41155
0.70288	29.42381
0.70309	29.43654
0.70333	29.44977
0.70354	29.46199
0.70377	29.47522
0.70398	29.48799
0.70421	29.50021
0.70443	29.51344
0.70464	29.52571
0.70487	29.53843
0.70509	29.55115
0.70532	29.56296
0.70554	29.57568
0.70575	29.58841
0.70598	29.60067
0.70621	29.61293
0.70642	29.62515
0.70666	29.63741
0.70687	29.64967
0.7071	29.66189
0.70731	29.67415
0.70754	29.68738
0.70777	29.70011
0.70798	29.71288
0.7082	29.72561
0.70843	29.73736
0.70865	29.75008
0.70888	29.76235
0.70909	29.77507
0.70933	29.78734
0.70954	29.79862
0.70976	29.81135
0.70999	29.82408
0.7102	29.83537
0.71042	29.84712
0.71065	29.85887
0.71087	29.87063
0.7111	29.88289
0.71131	29.89511
0.71153	29.90737
0.71176	29.91866
0.71198	29.92991
0.71221	29.94166
0.71242	29.95392
0.71266	29.96568
0.71287	29.97696
0.71309	29.98872
0.71332	30.00094
0.71353	30.01273
0.71375	30.02495
0.71398	30.03772
0.7142	30.04994
0.71443	30.06169
0.71464	30.07349
0.71488	30.08668
0.71509	30.09895
0.71531	30.11121
0.71554	30.12393
0.71575	30.13619
0.71598	30.14845
0.7162	30.16165
0.71642	30.17391
0.71665	30.18617
0.71687	30.19889
0.7171	30.21115
0.71731	30.22388
0.71753	30.23661
0.71776	30.24887
0.71797	30.26113
0.71821	30.27386
0.71842	30.28561
0.71864	30.29787
0.71887	30.31014
0.71909	30.32235
0.71931	30.33461
0.71953	30.34637
0.71975	30.35863
0.71999	30.37038
0.7202	30.38264
0.72043	30.39486
0.72064	30.40666
0.72086	30.41888
0.7211	30.43063
0.72131	30.44192
0.72152	30.45368
0.72175	30.46594
0.72197	30.47718
0.7222	30.48847
0.72242	30.49972
0.72266	30.51198
0.72287	30.52374
0.72308	30.53549
0.72332	30.54724
0.72353	30.559
0.72375	30.57079
0.72397	30.58204
0.72419	30.59333
0.72442	30.60458
0.72464	30.61587
0.72487	30.62711
0.72508	30.6384
0.72531	30.65016
0.72554	30.66094
0.72575	30.67218
0.72598	30.68296
0.72619	30.69425
0.72642	30.70601
0.72664	30.71776
0.72686	30.72854
0.7271	30.73932
0.72731	30.75108
0.72753	30.76334
0.72776	30.77607
0.72797	30.78879
0.72821	30.80105
0.72842	30.81331
0.72864	30.82553
0.72887	30.83876
0.72908	30.852
0.72932	30.86523
0.72953	30.8775
0.72974	30.89119
0.72999	30.90396
0.73021	30.91766
0.73045	30.93089
0.73066	30.94413
0.73088	30.95639
0.73112	30.96912
0.73133	30.98184
0.73156	30.9941
0.73177	31.00683
0.73199	31.01909
0.73222	31.03136
0.73244	31.04408
0.73267	31.05634
0.73288	31.06856
0.7331	31.08082
0.73333	31.09258
0.73354	31.10433
0.73378	31.11705
0.73399	31.12886
0.73422	31.14061
0.73444	31.15236
0.73466	31.16411
0.7349	31.17638
0.73511	31.18859
0.73533	31.20035
0.73556	31.21215
0.73577	31.2239
0.736	31.23612
0.73621	31.24792
0.73643	31.25967
0.73667	31.27188
0.73688	31.28364
0.73712	31.29493
0.73733	31.30669
0.73754	31.31895
0.73777	31.3307
0.73799	31.34195
0.73823	31.35374
0.73844	31.36499
0.73866	31.37674
0.73889	31.38849
0.7391	31.40025
0.73934	31.41251
0.73955	31.4238
0.73976	31.43602
0.74	31.44828
0.74021	31.46055
0.74045	31.4723
0.74066	31.48405
0.74088	31.49677
0.74111	31.50954
0.74132	31.52176
0.74156	31.53403
0.74176	31.54629
0.74199	31.55851
0.74221	31.57077
0.74243	31.58349
0.74267	31.59576
0.74288	31.60751
0.7431	31.61977
0.74333	31.63153
0.74354	31.64425
0.74378	31.65651
0.74399	31.66877
0.74421	31.6815
0.74444	31.69325
0.74466	31.70551
0.74489	31.71727
0.7451	31.72953
0.74532	31.74128
0.74555	31.75304
0.74577	31.76479
0.746	31.77655
0.74621	31.7883
0.74643	31.79959
0.74666	31.81134
0.74687	31.82263
0.74711	31.83388
0.74732	31.84614
0.74754	31.85836
0.74777	31.86965
0.74798	31.8814
0.74822	31.89269
0.74843	31.90394
0.74865	31.91426
0.74888	31.9255
0.7491	31.93725
0.74933	31.94855
0.74954	31.95933
0.74976	31.97011
0.74999	31.98136
0.75021	31.99213
0.75044	32.00291
0.75065	32.01421
0.75088	32.02545
0.7511	32.03721
0.75132	32.04798
0.75155	32.05928
0.75176	32.06955
0.75198	32.08033
0.75221	32.0906
0.75243	32.1019
0.75267	32.11268
0.75287	32.12392
0.75309	32.13424
0.75332	32.14502
0.75354	32.1553
0.75377	32.16608
0.75398	32.17732
0.7542	32.1881
0.75444	32.19792
0.75465	32.20869
0.75489	32.21897
0.7551	32.22975
0.75532	32.24053
0.75554	32.25034
0.75576	32.26112
0.75599	32.27139
0.7562	32.28218
0.75643	32.29296
0.75666	32.30425
0.75687	32.31503
0.75711	32.32679
0.75732	32.33803
0.75753	32.34881
0.75777	32.36057
0.75798	32.37186
0.75821	32.3831
0.75842	32.39388
0.75865	32.40517
0.75888	32.41642
0.75909	32.42822
0.75933	32.439
0.75954	32.44973
0.75976	32.46051
0.75998	32.4713
0.7602	32.48259
0.76044	32.49337
0.76065	32.50415
0.76087	32.51443
0.76109	32.5247
0.76131	32.53502
0.76155	32.54529
0.76176	32.55561
0.76198	32.56537
0.76221	32.57615
0.76243	32.58694
0.76266	32.59772
0.76287	32.60799
0.76309	32.61877
0.76332	32.62909
0.76353	32.63987
0.76377	32.65065
0.76398	32.6619
0.7642	32.67319
0.76443	32.68494
0.76464	32.69619
0.76488	32.70794
0.76509	32.7202
0.76533	32.7315
0.76554	32.74325
0.76575	32.75449
0.76599	32.76675
0.7662	32.77804
0.76642	32.78929
0.76665	32.80104
0.76687	32.81234
0.7671	32.82409
0.76731	32.83635
0.76755	32.84759
0.76776	32.85935
0.76798	32.87064
0.76821	32.88189
0.76842	32.89364
0.76864	32.90493
0.76887	32.91668
0.76908	32.92797
0.76932	32.93972
0.76953	32.95194
0.76977	32.96518
0.76998	32.97795
0.7702	32.99017
0.77043	33.0034
0.77064	33.01663
0.77088	33.0289
0.77109	33.04213
0.77131	33.05485
0.77154	33.06758
0.77175	33.07984
0.77199	33.0921
0.7722	33.10483
0.77242	33.11755
0.77265	33.12982
0.77286	33.14208
0.7731	33.1548
0.77331	33.16707
0.77353	33.17928
0.77376	33.19155
0.77398	33.2033
0.77421	33.21556
0.77442	33.22732
0.77464	33.23958
0.77487	33.25082
0.77508	33.26308
0.77532	33.27535
0.77553	33.28659
0.77575	33.29834
0.77598	33.3101
0.77619	33.3219
0.77643	33.33365
0.77664	33.34587
0.77686	33.35762
0.77709	33.36942
0.7773	33.38261
0.77754	33.39487
0.77775	33.40662
0.77797	33.41889
0.7782	33.43115
0.77842	33.44337
0.77865	33.45614
0.77886	33.46836
0.77908	33.48113
0.77932	33.49288
0.77953	33.50463
0.77976	33.51736
0.77997	33.52962
0.7802	33.54138
0.78042	33.55364
0.78064	33.56585
0.78088	33.57765
0.78108	33.58987
0.7813	33.60163
0.78153	33.61389
0.78175	33.62661
0.78198	33.63887
0.78219	33.65113
0.78241	33.66289
0.78264	33.67515
0.78286	33.6869
0.78309	33.69912
0.7833	33.71092
0.78353	33.72268
0.78375	33.73443
0.78397	33.74618
0.7842	33.75743
0.78441	33.76923
0.78464	33.78047
0.78486	33.79222
0.78508	33.80448
0.78532	33.81527
0.78553	33.82702
0.78575	33.83831
0.786	33.85053
0.78621	33.86228
0.78645	33.87404
0.78666	33.88482
0.78688	33.8956
0.78711	33.90689
0.78732	33.91864
0.78756	33.9304
0.78777	33.94215
0.78799	33.95391
0.78822	33.96617
0.78843	33.97792
0.78867	33.98921
0.78888	34.00096
0.7891	34.01323
0.78933	34.02498
0.78955	34.03673
0.78978	34.04895
0.78999	34.06121
0.79021	34.07348
0.79044	34.08523
0.79066	34.09749
0.79089	34.10971
0.7911	34.12197
0.79133	34.13372
0.79155	34.14599
0.79176	34.15774
0.792	34.17
0.79221	34.18176
0.79243	34.19351
0.79266	34.20577
0.79288	34.21752
0.79311	34.22928
0.79332	34.24154
0.79354	34.25278
0.79377	34.26454
0.79399	34.2763
0.79422	34.28809
0.79443	34.29934
0.79466	34.31063
0.79489	34.32187
0.7951	34.33413
0.79534	34.34589
0.79554	34.35714
0.79576	34.36842
0.79599	34.38017
0.79621	34.39147
0.79645	34.40271
0.79665	34.414
0.79688	34.42525
0.7971	34.43654
0.79732	34.44829
0.79756	34.45907
0.79776	34.47133
0.79798	34.48207
0.79822	34.49286
0.79843	34.50414
0.79867	34.5159
0.79888	34.52668
0.79911	34.53746
0.79932	34.54824
0.79954	34.55949
0.79977	34.57078
0.79998	34.58202
0.80021	34.59331
0.80043	34.6046
0.80065	34.61534
0.80089	34.62612
0.8011	34.63741
0.80133	34.64916
0.80154	34.66092
0.80176	34.67267
0.802	34.68544
0.8022	34.69766
0.80243	34.71043
0.80266	34.72219
0.80287	34.7344
0.80311	34.74763
0.80332	34.76041
0.80356	34.77313
0.80376	34.7854
0.80398	34.79812
0.80422	34.81038
0.80443	34.82311
0.80465	34.83537
0.80487	34.84759
0.80509	34.86036
0.80533	34.87211
0.80554	34.88387
0.80577	34.89613
0.80598	34.90886
0.80621	34.92112
0.80644	34.93287
0.80665	34.94509
0.80689	34.95684
0.8071	34.96961
0.80731	34.98136
0.80754	34.99312
0.80776	35.00441
0.808	35.01663
0.80821	35.02838
0.80843	35.04013
0.80866	35.05193
0.80887	35.06368
0.80909	35.07544
0.80931	35.08719
0.80953	35.09844
0.80977	35.11024
0.80998	35.12199
0.81022	35.13323
0.81043	35.14499
0.81065	35.15628
0.81088	35.16752
0.81109	35.17932
0.81133	35.19107
0.81153	35.20283
0.81176	35.21407
0.81199	35.22536
0.8122	35.23712
0.81244	35.24836
0.81265	35.25965
0.81287	35.27095
0.8131	35.28219
0.81331	35.29394
0.81354	35.30523
0.81375	35.31699
0.81398	35.32823
0.81421	35.33998
0.81443	35.35224
0.81466	35.364
0.81487	35.37677
0.81509	35.38899
0.81532	35.40074
0.81553	35.41254
0.81577	35.4243
0.81598	35.43651
0.8162	35.44877
0.81643	35.46103
0.81664	35.47278
0.81688	35.48551
0.81709	35.49727
0.81731	35.50953
0.81754	35.52128
0.81775	35.53304
0.81799	35.5453
0.8182	35.55756
0.81842	35.56931
0.81865	35.58153
0.81887	35.59379
0.8191	35.60509
0.81931	35.61633
0.81953	35.62762
0.81976	35.63984
0.81997	35.65164
0.82021	35.66288
0.82042	35.67417
0.82064	35.68542
0.82087	35.69671
0.82109	35.70795
0.82133	35.71874
0.82153	35.73002
0.82177	35.74177
0.82198	35.75302
0.8222	35.76477
0.82243	35.77607
0.82264	35.78685
0.82286	35.79809
0.82309	35.80887
0.82331	35.82016
0.82354	35.83044
0.82375	35.84075
0.82399	35.85103
0.8242	35.86181
0.82442	35.87208
0.82465	35.8824
0.82486	35.89365
0.82509	35.90494
0.82531	35.91521
0.82553	35.92548
0.82576	35.93626
0.82597	35.94658
0.82619	35.95737
0.82642	35.96764
0.82664	35.97745
0.82687	35.98772
0.82708	35.9985
0.82731	36.00831
0.82753	36.0191
0.82775	36.02937
0.82798	36.03917
0.8282	36.04899
0.82842	36.05926
0.82865	36.06856
0.82886	36.07888
0.8291	36.08915
0.82931	36.09846
0.82954	36.10873
0.82975	36.11905
0.82997	36.12886
0.8302	36.13913
0.83042	36.1494
0.83064	36.15972
0.83087	36.1705
0.83108	36.18128
0.83132	36.19202
0.83153	36.20331
0.83176	36.21409
0.83197	36.22487
0.8322	36.23612
0.83242	36.2469
0.83263	36.25768
0.83286	36.268
0.83308	36.27878
0.8333	36.28855
0.83355	36.29933
0.83377	36.31062
0.83399	36.32186
0.83422	36.33264
0.83444	36.34246
0.83467	36.35324
0.83488	36.36305
0.83512	36.37332
0.83533	36.38359
0.83555	36.3934
0.83578	36.40372
0.83599	36.41348
0.83622	36.4238
0.83644	36.43459
0.83666	36.44435
0.8369	36.45467
0.83711	36.46448
0.83734	36.47475
0.83755	36.48553
0.83777	36.49581
0.838	36.50659
0.83821	36.51737
0.83844	36.52866
0.83866	36.5399
0.83889	36.55119
0.83911	36.56244
0.83932	36.57322
0.83955	36.58451
0.83978	36.5953
0.83999	36.60556
0.84023	36.61681
0.84044	36.62759
0.84067	36.63888
0.84088	36.64916
0.8411	36.65994
0.84134	36.67169
0.84155	36.68247
0.84177	36.69376
0.842	36.70455
0.84221	36.71533
0.84245	36.72657
0.84266	36.73735
0.84289	36.74864
0.8431	36.75989
0.84333	36.77164
0.84355	36.78339
0.84377	36.79566
0.84399	36.80838
0.84422	36.82116
0.84443	36.83337
0.84466	36.8466
0.84488	36.85887
0.8451	36.87159
0.84533	36.88436
0.84554	36.89612
0.84578	36.90834
0.84599	36.92111
0.84622	36.93383
0.84643	36.94558
0.84666	36.95734
0.84689	36.9696
0.8471	36.98136
0.84732	36.99311
0.84755	37.00486
0.84777	37.01662
0.848	37.02842
0.84821	37.03966
0.84845	37.05141
0.84866	37.0627
0.84888	37.07348
0.84911	37.08473
0.84932	37.09602
0.84954	37.1068
0.84976	37.11855
0.84999	37.13031
0.85022	37.14155
0.85044	37.15234
0.85067	37.16414
0.85088	37.17538
0.8511	37.18713
0.85133	37.19888
0.85154	37.21115
0.85176	37.22341
0.85199	37.23563
0.85221	37.24789
0.85244	37.25964
0.85265	37.2714
0.85289	37.28315
0.8531	37.29495
0.85332	37.30671
0.85355	37.31846
0.85376	37.33021
0.85398	37.34196
0.8542	37.35326
0.85443	37.36501
0.85466	37.37722
0.85488	37.38902
0.85511	37.40077
0.85532	37.41253
0.85554	37.42378
0.85577	37.43553
0.85599	37.44779
0.85622	37.46052
0.85643	37.47181
0.85665	37.48356
0.85688	37.49531
0.85709	37.50707
0.85733	37.51882
0.85754	37.53011
0.85776	37.54136
0.85799	37.55265
0.85821	37.56394
0.85844	37.57518
0.85865	37.58647
0.85887	37.59772
0.8591	37.60901
0.85932	37.62025
0.85955	37.63104
0.85976	37.64232
0.85999	37.65357
0.86021	37.66486
0.86042	37.67564
0.86066	37.68592
0.86087	37.69767
0.8611	37.70845
0.86132	37.71923
0.86154	37.73053
0.86178	37.74177
0.86199	37.75352
0.86221	37.76431
0.86243	37.77559
0.86265	37.78735
0.86288	37.7991
0.86309	37.81034
0.86331	37.82215
0.86355	37.83339
0.86376	37.84468
0.864	37.85643
0.86421	37.86768
0.86442	37.87994
0.86465	37.89118
0.86487	37.90299
0.86511	37.91474
0.86531	37.92598
0.86554	37.93727
0.86577	37.94852
0.86598	37.95981
0.86622	37.97106
0.86642	37.98281
0.86664	37.99359
0.86687	38.00488
0.86709	38.01612
0.86732	38.02741
0.86753	38.03871
0.86776	38.04995
0.86799	38.06073
0.86821	38.07151
0.86844	38.08276
0.86864	38.09354
0.86887	38.10432
0.86909	38.11561
0.86931	38.12639
0.86955	38.13764
0.86976	38.14842
0.86998	38.15971
0.8702	38.16998
0.87042	38.1803
0.87066	38.19155
0.87087	38.20233
0.87109	38.21311
0.87132	38.22436
0.87154	38.23468
0.87177	38.24592
0.87198	38.2567
0.87222	38.26702
0.87243	38.27729
0.87264	38.28807
0.87288	38.29835
0.87309	38.30867
0.87331	38.31944
0.87354	38.32972
0.87375	38.3405
0.87399	38.35078
0.8742	38.36059
0.87443	38.37187
0.87464	38.38215
0.87487	38.39293
0.8751	38.40321
0.87531	38.41399
0.87553	38.42476
0.87576	38.43606
0.87598	38.44781
0.87621	38.45957
0.87642	38.47183
0.87666	38.48307
0.87687	38.49482
0.87709	38.50611
0.87732	38.51833
0.87753	38.53013
0.87775	38.54189
0.87798	38.55364
0.8782	38.5654
0.87843	38.57664
0.87864	38.58843
0.87886	38.59968
0.87909	38.61097
0.87931	38.62273
0.87955	38.63397
0.87975	38.64475
0.87999	38.65604
0.8802	38.66729
0.88042	38.67858
0.88065	38.68936
0.88086	38.70112
0.88108	38.71287
0.88131	38.72365
0.88153	38.73443
0.88177	38.74567
0.88197	38.75646
0.88221	38.76775
0.88242	38.77853
0.88264	38.78931
0.88287	38.80009
0.88308	38.81087
0.88331	38.82212
0.88353	38.83341
0.88375	38.84419
0.88398	38.85497
0.8842	38.86571
0.88442	38.877
0.88467	38.88829
0.88488	38.89954
0.88512	38.91031
0.88533	38.9211
0.88556	38.93137
0.88577	38.94169
0.886	38.95196
0.88623	38.96274
0.88644	38.97353
0.88666	38.9838
0.88689	38.99458
0.8871	39.0049
0.88734	39.01563
0.88755	39.02642
0.88779	39.0372
0.888	39.04849
0.88822	39.05974
0.88845	39.07051
0.88866	39.0813
0.88888	39.09259
0.88911	39.10383
0.88932	39.11512
0.88956	39.12636
0.88977	39.13766
0.89	39.14844
0.89021	39.15922
0.89044	39.17098
0.89067	39.18176
0.89089	39.193
0.8911	39.20429
0.89132	39.21554
0.89155	39.22632
0.89178	39.23811
0.89199	39.24886
0.89223	39.26014
0.89244	39.27143
0.89266	39.28217
0.89289	39.29346
0.8931	39.30424
0.89334	39.31502
0.89355	39.3253
0.89377	39.33608
0.894	39.34639
0.89422	39.35714
0.89445	39.36745
0.89466	39.37773
0.89488	39.38754
0.89512	39.39832
0.89532	39.40859
0.89556	39.4184
0.89577	39.42867
0.89599	39.43899
0.89622	39.44977
0.89643	39.45954
0.89667	39.46985
0.89688	39.48013
0.8971	39.48994
0.89733	39.50021
0.89754	39.51002
0.89778	39.51983
0.89799	39.52964
0.89821	39.53941
0.89844	39.54871
0.89866	39.55852
0.89889	39.56782
0.8991	39.57814
0.89932	39.58743
0.89955	39.59674
0.89977	39.60604
0.9	39.61534
0.90021	39.62515
0.90043	39.63445
0.90066	39.6438
0.90088	39.65259
0.90111	39.66143
0.90132	39.67073
0.90155	39.68003
0.90177	39.68887
0.90198	39.69766
0.90222	39.70696
0.90243	39.7158
0.90265	39.72464
0.90288	39.73394
0.9031	39.74324
0.90333	39.75208
0.90354	39.76184
0.90377	39.77068
0.90399	39.77952
0.90421	39.78882
0.90444	39.79858
0.90465	39.80742
0.90488	39.81672
0.9051	39.82653
0.90532	39.83681
0.90556	39.84616
0.90577	39.85591
0.906	39.86573
0.90621	39.87554
0.90643	39.88535
0.90667	39.89465
0.90687	39.90395
0.90709	39.91325
0.90732	39.92306
0.90754	39.93185
0.90777	39.94018
0.90798	39.94999
0.90822	39.95883
0.90843	39.96813
0.90865	39.97697
0.90888	39.9853
0.90909	39.99409
0.90932	40.00293
0.90954	40.01172
0.90976	40.02106
0.91	40.02986
0.91021	40.0387
0.91044	40.04749
0.91065	40.05633
0.91087	40.06563
0.91111	40.07447
0.91132	40.08326
0.91154	40.0921
0.91177	40.1014
0.91198	40.10973
0.91222	40.11903
0.91243	40.12884
0.91266	40.13864
0.91287	40.14841
0.9131	40.15822
0.91332	40.16804
0.91354	40.17784
0.91376	40.18765
0.91398	40.19644
0.9142	40.20625
0.91444	40.21653
0.91465	40.22634
0.91488	40.23564
0.91509	40.24494
0.91531	40.25475
0.91555	40.26359
0.91576	40.27335
0.91598	40.28316
0.9162	40.29246
0.91643	40.30227
0.91665	40.31157
0.91687	40.32092
0.91711	40.33069
0.91732	40.34049
0.91754	40.3503
0.91777	40.36155
0.91798	40.37233
0.9182	40.38311
0.91842	40.39441
0.91864	40.40565
0.91887	40.41694
0.91909	40.42772
0.91932	40.4385
0.91953	40.44928
0.91976	40.46007
0.91999	40.47085
0.9202	40.48158
0.92044	40.4919
0.92064	40.50218
0.92087	40.51198
0.92109	40.52277
0.92131	40.53258
0.92155	40.54285
0.92176	40.55266
0.92198	40.56293
0.92221	40.57274
0.92243	40.58301
0.92266	40.59231
0.92287	40.60263
0.92309	40.61291
0.92332	40.62221
0.92353	40.63202
0.92377	40.64229
0.92398	40.65164
0.9242	40.6614
0.92443	40.67075
0.92464	40.68051
0.92488	40.68981
0.92509	40.69962
0.92531	40.70995
0.92554	40.7197
0.92575	40.73002
0.92599	40.73979
0.9262	40.7496
0.92642	40.75941
0.92665	40.76968
0.92686	40.78
0.9271	40.78976
0.92731	40.79911
0.92753	40.80887
0.92776	40.81869
0.92798	40.82849
0.92821	40.8383
0.92842	40.84807
0.92864	40.85742
0.92887	40.86718
0.92909	40.87699
0.92932	40.8868
0.92953	40.89661
0.92975	40.90688
0.92998	40.91669
0.9302	40.92697
0.93044	40.93775
0.93064	40.94802
0.93088	40.95737
0.93109	40.96764
0.93131	40.97694
0.93154	40.98675
0.93175	40.99656
0.93197	41.00586
0.9322	41.01516
0.93242	41.02446
0.93265	41.0333
0.93286	41.04311
0.9331	41.05288
0.93331	41.06222
0.93353	41.07198
0.93377	41.08083
0.934	41.0911
0.93422	41.10142
0.93444	41.11072
0.93466	41.12002
0.93489	41.12886
0.9351	41.13765
0.93533	41.14649
0.93556	41.15528
0.93578	41.16458
0.93601	41.17439
0.93622	41.18369
0.93644	41.19253
0.93666	41.20183
0.93689	41.21113
0.93712	41.21997
0.93733	41.22978
0.93755	41.23908
0.93778	41.24787
0.93799	41.25722
0.93823	41.26698
0.93844	41.27679
0.93866	41.28609
0.93889	41.29493
0.93911	41.30423
0.93934	41.31353
0.93955	41.32283
0.93977	41.33218
0.94	41.34097
0.94022	41.34981
0.94045	41.35912
0.94066	41.36795
0.9409	41.37725
0.94111	41.38605
0.94133	41.39437
0.94156	41.40372
0.94177	41.41251
0.94199	41.42136
0.94222	41.43015
0.94244	41.43848
0.94267	41.44731
0.94288	41.4561
0.94312	41.46494
0.94333	41.47378
0.94355	41.48257
0.94378	41.49141
0.94399	41.49974
0.94423	41.50807
0.94444	41.51686
0.94466	41.52519
0.94489	41.53352
0.9451	41.54185
0.94534	41.55069
0.94555	41.55902
0.94577	41.56683
0.946	41.57517
0.94622	41.5835
0.94645	41.59136
0.94666	41.59872
0.94688	41.60705
0.94711	41.61487
0.94732	41.62269
0.94756	41.63056
0.94777	41.63888
0.948	41.64671
0.94822	41.65457
0.94843	41.66239
0.94865	41.67026
0.94888	41.67808
0.9491	41.68641
0.94933	41.69474
0.94955	41.70358
0.94978	41.7119
0.94999	41.72167
0.95021	41.73097
0.95044	41.74032
0.95066	41.74911
0.95089	41.75892
0.9511	41.76822
0.95132	41.77752
0.95155	41.78733
0.95177	41.79617
0.952	41.80593
0.95221	41.81426
0.95244	41.82361
0.95266	41.8324
0.95287	41.8417
0.95311	41.85054
0.95332	41.85887
0.95354	41.86771
0.95377	41.87604
0.95399	41.88483
0.95422	41.89316
0.95443	41.90149
0.95466	41.90936
0.95489	41.91768
0.9551	41.92648
0.95533	41.9348
0.95554	41.94267
0.95577	41.95049
0.956	41.95882
0.95621	41.96715
0.95645	41.97497
0.95666	41.98284
0.95688	41.99116
0.9571	41.9995
0.95732	42.00782
0.95756	42.01564
0.95777	42.02351
0.95798	42.03133
0.95822	42.03966
0.95843	42.04748
0.95867	42.05581
0.95888	42.06317
0.9591	42.07104
0.95932	42.07839
0.95954	42.08621
0.95977	42.09357
0.95998	42.10093
0.96021	42.10778
0.96044	42.11513
0.96065	42.12296
0.96089	42.13031
0.9611	42.13716
0.96132	42.14452
0.96154	42.15234
0.96176	42.1602
0.962	42.16803
0.96221	42.17635
0.96243	42.18371
0.96266	42.19204
0.96287	42.19986
0.96311	42.20819
0.96332	42.21606
0.96355	42.22438
0.96376	42.2322
0.96399	42.24104
0.96421	42.24887
0.96443	42.25719
0.96465	42.26506
0.96488	42.27339
0.96509	42.28121
0.96533	42.28954
0.96554	42.29786
0.96577	42.3062
0.96598	42.31402
0.96621	42.32189
0.96644	42.32971
0.96665	42.33803
0.96687	42.3459
0.9671	42.35326
0.96732	42.36057
0.96755	42.36792
0.96776	42.37528
0.968	42.38264
0.96821	42.38949
0.96843	42.39685
0.96866	42.40369
0.96887	42.41055
0.96909	42.4179
0.96932	42.42526
0.96954	42.43113
0.96977	42.43799
0.96998	42.44534
0.97022	42.45173
0.97043	42.45857
0.97065	42.46543
0.97088	42.47278
0.97109	42.47917
0.97133	42.48504
0.97154	42.49189
0.97176	42.49828
0.97199	42.50416
0.9722	42.51003
0.97244	42.5154
0.97265	42.52081
0.97287	42.52715
0.9731	42.53303
0.97331	42.53941
0.97355	42.54483
0.97376	42.5502
0.97398	42.55608
0.97421	42.56195
0.97443	42.56834
0.97466	42.57324
0.97487	42.57861
0.97509	42.58403
0.97532	42.58888
0.97553	42.5948
0.97577	42.60017
0.97598	42.60554
0.9762	42.61096
0.97643	42.61586
0.97664	42.62123
0.97688	42.62664
0.97709	42.63252
0.97732	42.63789
0.97754	42.64279
0.97775	42.6482
0.97799	42.65357
0.9782	42.65899
0.97842	42.66436
0.97865	42.66977
0.97887	42.67513
0.9791	42.6805
0.97931	42.68643
0.97953	42.69231
0.97976	42.69915
0.97998	42.70452
0.98021	42.70993
0.98042	42.7153
0.98064	42.72118
0.98087	42.72608
0.98109	42.7315
0.98132	42.73686
0.98153	42.74228
0.98176	42.74668
0.98198	42.75158
0.9822	42.75648
0.98243	42.76139
0.98264	42.76625
0.98286	42.77069
0.98309	42.7756
0.98331	42.77999
0.98354	42.7849
0.98375	42.7898
0.98398	42.7942
0.9842	42.7991
0.98442	42.8035
0.98465	42.80789
0.98486	42.81234
0.98509	42.81673
0.98532	42.82164
0.98553	42.82603
0.98577	42.83094
0.98598	42.83533
0.98621	42.83978
0.98642	42.84417
0.98664	42.84908
0.98688	42.85496
0.98709	42.86032
0.98731	42.86523
0.98754	42.87013
0.98775	42.87504
0.988	42.88041
0.98822	42.88633
0.98844	42.89267
0.98867	42.89706
0.98889	42.90197
0.98912	42.90687
0.98933	42.91178
0.98955	42.91617
0.98978	42.92062
0.99	42.92501
0.99023	42.92844
0.99044	42.93335
0.99066	42.93774
0.9909	42.94218
0.99111	42.94658
0.99135	42.95097
0.99155	42.95588
0.99177	42.96176
0.992	42.96763
0.99222	42.97351
0.99245	42.97892
0.99266	42.98479
0.99289	42.99017
0.99311	42.99558
0.99333	43.00095
0.99357	43.00636
0.99377	43.01127
0.99399	43.01613
0.99422	43.02103
0.99444	43.02594
0.99467	43.03084
0.99488	43.03524
0.99511	43.03968
0.99533	43.04459
0.99555	43.04944
0.99578	43.05338
0.99599	43.05777
0.99622	43.0617
0.99645	43.06564
0.99666	43.06957
0.9969	43.07346
0.99711	43.07739
0.99733	43.08132
0.99755	43.08475
0.99777	43.08864
0.99801	43.09257
0.99822	43.09599
0.99844	43.09993
0.99867	43.10335
0.99888	43.10729
0.99912	43.11071
0.99933	43.11413
0.99956	43.11806
0.99977	43.12149
1	43.12543
1.00022	43.12885
1.00043	43.13273
1.00066	43.13718
1.00089	43.14009
1.0011	43.14352
1.00134	43.14648
1.00155	43.14991
1.00178	43.15333
1.00199	43.15629
1.00221	43.15874
1.00245	43.16166
1.00266	43.16462
1.0029	43.16753
1.00311	43.17049
1.00332	43.17295
1.00356	43.1754
1.00377	43.17785
1.004	43.18128
1.00421	43.18373
1.00444	43.18618
1.00466	43.18859
1.00488	43.19155
1.00512	43.194
1.00533	43.19645
1.00555	43.19794
1.00578	43.20039
1.00599	43.20233
1.00622	43.20428
1.00643	43.20627
1.00666	43.2077
1.00689	43.20969
1.0071	43.21117
1.00734	43.2126
1.00755	43.21357
1.00777	43.21506
1.008	43.21654
1.00821	43.21802
1.00845	43.21899
1.00866	43.21996
1.00888	43.22047
1.00911	43.22144
1.00932	43.2219
1.00956	43.22241
1.00977	43.22338
1.00999	43.22389
1.01022	43.22389
1.01043	43.22487
1.01067	43.22538
1.01088	43.22584
1.0111	43.22634
1.01133	43.22634
1.01154	43.22681
1.01178	43.22681
1.01199	43.22732
1.01221	43.22681
1.01244	43.22732
1.01265	43.22732
1.01289	43.22732
1.0131	43.22732
1.01332	43.22732
1.01355	43.22681
1.01377	43.22681
1.014	43.22584
1.01421	43.22538
1.01445	43.22436
1.01466	43.22338
1.01487	43.2219
1.01511	43.22093
1.01532	43.21996
1.01554	43.21848
1.01577	43.21704
1.01598	43.21459
1.01622	43.21311
1.01643	43.21066
1.01666	43.20872
1.01688	43.20673
1.01709	43.20525
1.01733	43.20182
1.01754	43.19937
1.01778	43.19692
1.01799	43.19451
1.01821	43.19155
1.01844	43.18859
1.01866	43.1847
1.01889	43.18174
1.01909	43.17883
1.01932	43.17489
1.01954	43.17146
1.01976	43.16753
1.02	43.1636
1.02021	43.15874
1.02043	43.15481
1.02065	43.14991
1.02087	43.145
1.0211	43.14009
1.02132	43.13473
1.02155	43.12982
1.02176	43.12492
1.02199	43.12001
1.02222	43.11464
1.02243	43.10876
1.02267	43.10335
1.02287	43.09845
1.02309	43.09257
1.02332	43.08669
1.02354	43.08132
1.02377	43.07591
1.02398	43.07055
1.0242	43.06513
1.02443	43.06022
1.02465	43.05486
1.02488	43.04847
1.02509	43.04259
1.02533	43.03672
1.02554	43.03033
1.02576	43.02399
1.02599	43.01715
1.02621	43.00978
1.02644	43.00243
1.02665	42.99507
1.02687	42.98674
1.0271	42.97795
1.02732	42.96911
1.02755	42.96028
1.02775	42.95148
1.02798	42.94218
1.02821	42.93186
1.02842	42.92159
1.02866	42.91132
1.02887	42.90054
1.02909	42.88975
1.02932	42.87846
1.02953	42.86574
1.02977	42.85399
1.02998	42.84172
1.03021	42.829
1.03042	42.81622
1.03065	42.80202
1.03088	42.78832
1.03109	42.77361
1.03133	42.75792
1.03154	42.74371
1.03176	42.72807
1.03199	42.71188
1.0322	42.69522
1.03244	42.6781
1.03264	42.66042
1.03286	42.64182
1.03309	42.62322
1.03331	42.6036
1.03354	42.58352
1.03376	42.56292
1.03398	42.54186
1.0342	42.51984
1.03443	42.49777
1.03465	42.47375
1.03487	42.44974
1.03511	42.42475
1.03531	42.39879
1.03554	42.37232
1.03576	42.34493
1.03597	42.3155
1.03621	42.28561
1.03642	42.25428
1.03664	42.22193
1.03687	42.18764
1.03709	42.15039
1.03732	42.11217
1.03753	42.07053
1.03775	42.02694
1.03799	41.97988
1.0382	41.92745
1.03843	41.86868
1.03864	41.80006
1.03888	41.71727
1.03909	41.61047
1.03931	41.46249
1.03954	41.21016
1.03976	40.46103
1.04	30.8868
1.0402	7.63005
1.04042	3.21213
1.04065	3.02889
1.04086	2.92454
1.04111	2.85397
1.04133	2.80302
1.04155	2.76531
1.04178	2.7344
1.042	2.70844
1.04223	2.68739
1.04244	2.66827
1.04266	2.65213
1.04289	2.63838
1.04311	2.62515
1.04335	2.61339
1.04355	2.60312
1.04379	2.5928
1.044	2.5835
1.04422	2.57517
1.04445	2.56781
1.04467	2.5605
1.0449	2.55361
1.04511	2.54727
1.04533	2.54139
1.04556	2.53598
1.04577	2.5301
1.04601	2.52473
1.04622	2.51932
1.04644	2.51492
1.04667	2.51002
1.04689	2.50562
1.04712	2.50169
1.04733	2.49776
1.04756	2.49433
1.04777	2.49091
1.048	2.48748
1.04823	2.48406
1.04844	2.48013
1.04866	2.4767
1.04889	2.47277
1.04911	2.46934
1.04934	2.46592
1.04955	2.463
1.04979	2.45953
1.05	2.45662
1.05021	2.45366
1.05044	2.45074
1.05066	2.44829
1.05089	2.44635
1.05111	2.44338
1.05133	2.44144
1.05156	2.43945
1.05177	2.437
1.05201	2.43506
1.05222	2.4326
1.05245	2.43066
1.05266	2.42821
1.05289	2.42575
1.05311	2.42381
1.05332	2.42182
1.05355	2.41937
1.05377	2.41789
1.05399	2.41594
1.05423	2.414
1.05444	2.41201
1.05467	2.41007
1.05488	2.40859
1.0551	2.40664
1.05533	2.40516
1.05555	2.40368
1.05578	2.40174
1.05599	2.39882
1.05622	2.39734
1.05644	2.39586
1.05666	2.39438
1.0569	2.3929
1.05711	2.39147
1.05734	2.38948
1.05755	2.38804
1.05777	2.38605
1.058	2.38457
1.05821	2.38314
1.05843	2.38166
1.05866	2.38018
1.05888	2.37869
1.05911	2.37726
1.05932	2.37578
1.05956	2.3743
1.05977	2.37282
1.05999	2.37087
1.06022	2.36893
1.06044	2.36745
1.06068	2.365
1.06088	2.36009
1.0611	2.3557
1.06133	2.35227
1.06154	2.34931
1.06178	2.34686
1.06199	2.34441
1.06221	2.34195
1.06244	2.34001
1.06265	2.33853
1.06289	2.33561
1.0631	2.33362
1.06333	2.33168
1.06355	2.32974
1.06377	2.32775
1.064	2.3258
1.06421	2.32335
1.06445	2.32187
1.06466	2.31993
1.06488	2.31794
1.06511	2.31599
1.06533	2.31405
1.06556	2.31257
1.06576	2.31109
1.06599	2.30961
1.06621	2.30817
1.06643	2.30669
1.06667	2.30475
1.06688	2.30327
1.0671	2.30082
1.06733	2.29785
1.06754	2.2954
1.06778	2.29397
1.06799	2.29198
1.06822	2.29003
1.06843	2.28809
1.06866	2.28661
1.06888	2.28462
1.0691	2.28268
1.06934	2.28022
1.06955	2.27874
1.06977	2.27629
1.07	2.27435
1.07021	2.2724
1.07044	2.27041
1.07065	2.26898
1.07087	2.26699
1.0711	2.26407
1.07132	2.26162
1.07155	2.25917
1.07176	2.25575
1.07198	2.25376
1.07221	2.25084
1.07243	2.2489
1.07266	2.24691
1.07288	2.24543
1.07311	2.24348
1.07332	2.24154
1.07354	2.23858
1.07377	2.23566
1.07398	2.23321
1.07422	2.23025
1.07443	2.22831
1.07465	2.22534
1.07488	2.2234
1.07509	2.22095
1.07533	2.2185
1.07554	2.21655
1.07576	2.2141
1.07599	2.21114
1.07621	2.20822
1.07644	2.20429
1.07665	2.20133
1.07689	2.19841
1.07709	2.19545
1.07732	2.19254
1.07755	2.1886
1.07777	2.18518
1.078	2.18175
1.07821	2.17879
1.07843	2.17537
1.07866	2.17245
1.07887	2.16949
1.07911	2.16607
1.07932	2.16213
1.07953	2.15922
1.07977	2.15626
1.07998	2.1538
1.08021	2.15089